0  2.080487  -54831.801376  -54829.720889
1  2.048294  -54831.750326  -54829.702031
2  1.958046  -54831.645335  -54829.687289
3  1.896005  -54831.587738  -54829.691733
4  1.900920  -54831.600203  -54829.699283
5  1.911940  -54831.622761  -54829.710820
6  1.889570  -54831.604880  -54829.715310
7  1.837635  -54831.560450  -54829.722815
8  1.847494  -54831.559704  -54829.712211
9  1.941451  -54831.650391  -54829.708940
10  2.066923  -54831.770538  -54829.703616
11  2.114016  -54831.806501  -54829.692485
12  2.052440  -54831.739513  -54829.687073
13  1.992776  -54831.666512  -54829.673735
14  1.976039  -54831.658252  -54829.682213
15  2.002127  -54831.687365  -54829.685238
16  1.990686  -54831.681138  -54829.690451
17  1.936772  -54831.616339  -54829.679567
18  1.872518  -54831.550730  -54829.678213
19  1.875571  -54831.563022  -54829.687451
20  1.959796  -54831.656139  -54829.696343
21  2.028372  -54831.735866  -54829.707495
22  2.054421  -54831.724101  -54829.669680
23  1.995122  -54831.654202  -54829.659080
24  1.976547  -54831.616655  -54829.640109
25  1.977850  -54831.634619  -54829.656769
26  2.001066  -54831.656646  -54829.655580
27  1.965869  -54831.624938  -54829.659069
28  1.923781  -54831.553505  -54829.629724
29  1.894777  -54831.522396  -54829.627619
30  1.955057  -54831.584218  -54829.629161
31  2.062387  -54831.689922  -54829.627535
32  2.113994  -54831.743429  -54829.629435
33  2.083653  -54831.725522  -54829.641869
34  2.090839  -54831.707293  -54829.616455
35  2.095456  -54831.728611  -54829.633155
36  2.121535  -54831.764994  -54829.643459
37  2.101357  -54831.750718  -54829.649361
38  2.024972  -54831.669358  -54829.644386
39  1.938582  -54831.582700  -54829.644118
40  1.921647  -54831.570979  -54829.649332
41  1.974942  -54831.635849  -54829.660907
42  2.040804  -54831.692278  -54829.651474
43  2.054000  -54831.683888  -54829.629889
44  2.042258  -54831.648290  -54829.606033
45  2.028267  -54831.653667  -54829.625399
46  2.063007  -54831.705717  -54829.642710
47  2.103081  -54831.735830  -54829.632749
48  2.051113  -54831.688454  -54829.637342
49  1.957960  -54831.589206  -54829.631246
50  1.878566  -54831.525431  -54829.646865
51  1.917282  -54831.550620  -54829.633338
52  1.943373  -54831.615268  -54829.671895
53  1.980683  -54831.630413  -54829.649730
54  1.963946  -54831.591470  -54829.627524
55  1.949261  -54831.573217  -54829.623956
56  2.010219  -54831.626396  -54829.616177
57  2.088034  -54831.706253  -54829.618220
58  2.116489  -54831.737103  -54829.620615
59  2.075703  -54831.688634  -54829.612932
60  2.022745  -54831.614099  -54829.591354
61  2.016518  -54831.601917  -54829.585399
62  2.029782  -54831.656494  -54829.626712
63  2.062109  -54831.689878  -54829.627769
64  2.040741  -54831.653653  -54829.612913
65  1.999895  -54831.590694  -54829.590799
66  1.988613  -54831.579486  -54829.590874
67  2.040619  -54831.633330  -54829.592712
68  2.075303  -54831.685846  -54829.610543
69  2.067896  -54831.673126  -54829.605230
70  1.988639  -54831.601993  -54829.613354
71  1.933050  -54831.547476  -54829.614426
72  1.928687  -54831.569035  -54829.640349
73  1.994145  -54831.630066  -54829.635921
74  1.968992  -54831.647688  -54829.678695
75  1.939358  -54831.605869  -54829.666511
76  1.910036  -54831.565633  -54829.655597
77  1.924823  -54831.586474  -54829.661651
78  1.991254  -54831.652169  -54829.660915
79  2.025838  -54831.689938  -54829.664100
80  1.994605  -54831.662062  -54829.667457
81  1.952538  -54831.603042  -54829.650504
82  1.935822  -54831.589307  -54829.653485
83  1.974879  -54831.636802  -54829.661923
84  2.017155  -54831.685243  -54829.668088
85  2.008644  -54831.677449  -54829.668806
86  1.976930  -54831.630416  -54829.653486
87  1.945071  -54831.610589  -54829.665517
88  1.986406  -54831.653123  -54829.666717
89  2.051046  -54831.713000  -54829.661954
90  2.056267  -54831.724148  -54829.667881
91  2.014563  -54831.678639  -54829.664076
92  1.984022  -54831.634811  -54829.650790
93  1.978811  -54831.643510  -54829.664700
94  2.002031  -54831.681486  -54829.679454
95  2.019371  -54831.691832  -54829.672461
96  1.981734  -54831.653794  -54829.672060
97  1.921700  -54831.605517  -54829.683817
98  1.922456  -54831.600514  -54829.678057
99  1.961743  -54831.639179  -54829.677436
100  2.002516  -54831.672724  -54829.670207
101  1.988509  -54831.662301  -54829.673792
102  1.956646  -54831.628540  -54829.671894
103  1.961562  -54831.623212  -54829.661650
104  1.996784  -54831.661891  -54829.665107
105  2.044307  -54831.703781  -54829.659473
106  2.037795  -54831.710049  -54829.672254
107  2.026811  -54831.686770  -54829.659959
108  1.995340  -54831.670476  -54829.675136
109  2.005913  -54831.689325  -54829.683412
110  2.036518  -54831.720992  -54829.684474
111  2.029791  -54831.722388  -54829.692598
112  2.004093  -54831.687348  -54829.683255
113  1.957833  -54831.659964  -54829.702131
114  1.975986  -54831.668094  -54829.692108
115  2.002462  -54831.692857  -54829.690394
116  2.024322  -54831.691826  -54829.667504
117  1.998058  -54831.657211  -54829.659153
118  1.986699  -54831.621821  -54829.635122
119  1.993265  -54831.617878  -54829.624613
120  2.016965  -54831.642864  -54829.625899
121  2.033369  -54831.656624  -54829.623255
122  2.021537  -54831.634258  -54829.612721
123  2.003256  -54831.603587  -54829.600331
124  2.009158  -54831.606738  -54829.597580
125  2.022973  -54831.641094  -54829.618121
126  2.043240  -54831.666502  -54829.623262
127  2.021217  -54831.658319  -54829.637102
128  2.001883  -54831.630190  -54829.628306
129  1.981991  -54831.616018  -54829.634027
130  2.002820  -54831.636277  -54829.633457
131  2.021493  -54831.663726  -54829.642233
132  2.024989  -54831.657630  -54829.632641
133  2.004152  -54831.624103  -54829.619951
134  1.991480  -54831.609590  -54829.618110
135  2.013018  -54831.635077  -54829.622059
136  2.085770  -54831.673060  -54829.587289
137  2.113583  -54831.683568  -54829.569986
138  2.087242  -54831.656089  -54829.568846
139  2.060520  -54831.625478  -54829.564958
140  2.058697  -54831.631858  -54829.573161
141  2.073491  -54831.670756  -54829.597265
142  2.077326  -54831.688624  -54829.611298
143  2.039263  -54831.653561  -54829.614298
144  1.987538  -54831.605680  -54829.618142
145  2.002924  -54831.599717  -54829.596794
146  2.039149  -54831.634894  -54829.595746
147  2.050760  -54831.659302  -54829.608542
148  2.043352  -54831.640990  -54829.597638
149  2.017555  -54831.594126  -54829.576570
150  1.997966  -54831.566701  -54829.568735
151  2.007640  -54831.595265  -54829.587625
152  2.055813  -54831.649677  -54829.593865
153  2.067991  -54831.661581  -54829.593590
154  2.017368  -54831.623972  -54829.606604
155  1.981216  -54831.593923  -54829.612707
156  1.987837  -54831.618100  -54829.630263
157  2.058176  -54831.674150  -54829.615974
158  2.067437  -54831.706420  -54829.638983
159  2.065443  -54831.685411  -54829.619967
160  2.032483  -54831.638688  -54829.606205
161  2.004781  -54831.626375  -54829.621594
162  2.031155  -54831.669796  -54829.638642
163  2.086946  -54831.709871  -54829.622924
164  2.077275  -54831.691524  -54829.614249
165  2.026563  -54831.636390  -54829.609827
