0  -13.37842133
1  -13.49156527
2  -13.71119218
3  -13.84688596
4  -13.87592014
5  -13.93026253
6  -14.11179865
7  -14.36527297
8  -14.52062905
9  -14.47025602
10  -14.30542866
11  -14.21164716
12  -14.21582313
13  -14.16021574
14  -13.94605065
15  -13.67371632
16  -13.52356238
17  -13.56949813
18  -13.71839238
19  -13.81756201
20  -13.83341052
21  -13.8969055
22  -14.11307209
23  -14.37828357
24  -14.49837732
25  -14.42840926
26  -14.29672329
27  -14.23521161
28  -14.24126247
29  -14.1960329
30  -14.01199492
31  -13.76376789
32  -13.62644211
33  -13.65692093
34  -13.72363945
35  -13.70047049
36  -13.62891016
37  -13.64530468
38  -13.81235404
39  -14.04953341
40  -14.21406207
41  -14.25107986
42  -14.2540369
43  -14.33562499
44  -14.45602187
45  -14.46550561
46  -14.30745862
47  -14.08281234
48  -13.92400973
49  -13.86344659
50  -13.82712255
51  -13.7394249
52  -13.63146878
53  -13.62470445
54  -13.77972036
55  -13.99935642
56  -14.14510993
57  -14.19594266
58  -14.2355175
59  -14.32285872
60  -14.41912372
61  -14.43004423
62  -14.31006364
63  -14.12464953
64  -13.99144448
65  -13.94070461
66  -13.88593108
67  -13.7621548
68  -13.61994302
69  -13.55845745
70  -13.61427245
71  -13.73525583
72  -13.83909331
73  -13.8961183
74  -13.96196958
75  -14.10714024
76  -14.29975103
77  -14.42658948
78  -14.43248006
79  -14.36556498
80  -14.29590825
81  -14.23924563
82  -14.15576743
83  -14.00095801
84  -13.79356067
85  -13.63380218
86  -13.60634131
87  -13.67918147
88  -13.76404597
89  -13.83549683
90  -13.93524635
91  -14.09425859
92  -14.28619512
93  -14.43403643
94  -14.46580821
95  -14.38997277
96  -14.29891732
97  -14.24729827
98  -14.18175842
99  -14.0404434
100  -13.84840901
101  -13.6870348
102  -13.61691087
103  -13.63324975
104  -13.66976988
105  -13.67106867
106  -13.67599739
107  -13.77987736
108  -13.98660277
109  -14.1884699
110  -14.30250448
111  -14.34354355
112  -14.37300829
113  -14.42448142
114  -14.45738028
115  -14.38067696
116  -14.16606289
117  -13.92253287
118  -13.78147607
119  -13.7380194
120  -13.70007498
121  -13.63908743
122  -13.61880968
123  -13.71899426
124  -13.94326446
125  -14.18723667
126  -14.31931781
127  -14.3287483
128  -14.3327862
129  -14.39573668
130  -14.43276591
131  -14.34168295
132  -14.1374964
133  -13.93236774
134  -13.82601652
135  -13.81166098
136  -13.78307407
137  -13.67010878
138  -13.55573342
139  -13.58008716
140  -13.74166794
141  -13.90084314
142  -13.96761448
143  -13.98764071
144  -14.06906227
145  -14.25103305
146  -14.4398402
147  -14.49038805
148  -14.37595854
149  -14.23453369
150  -14.18242162
151  -14.15896203
152  -14.03422422
153  -13.80030255
154  -13.59033427
155  -13.54212186
156  -13.66192915
157  -13.82078395
158  -13.89599976
159  -13.92202569
160  -14.03724596
161  -14.2654086
162  -14.4556796
163  -14.4715614
164  -14.34553828
165  -14.22026148
166  -14.1852339
167  -14.1869174
168  -14.09711035
169  -13.88209248
170  -13.67435115
171  -13.6226875
172  -13.69640023
173  -13.74033353
174  -13.69064159
175  -13.6434425
176  -13.7245206
177  -13.94160307
178  -14.1684106
179  -14.27364612
180  -14.2676229
181  -14.2871393
182  -14.4000428
183  -14.48940461
184  -14.41149379
185  -14.18307966
186  -13.95233194
187  -13.83185881
188  -13.8007178
189  -13.75401281
190  -13.64299163
191  -13.56133022
192  -13.64950725
193  -13.89508625
194  -14.12852461
195  -14.23283303
196  -14.25660646
197  -14.30970487
198  -14.4166998
199  -14.48828464
200  -14.4167647
201  -14.20628517
202  -13.99646942
203  -13.90513219
204  -13.88184144
205  -13.79801701
206  -13.64091442
207  -13.52480035
208  -13.54741612
209  -13.69000396
210  -13.84459233
211  -13.9241075
212  -13.96178072
213  -14.07183562
214  -14.28047542
215  -14.46317916
216  -14.49914516
217  -14.4119542
218  -14.30778122
219  -14.24208199
220  -14.17587927
221  -14.03255074
222  -13.80393035
223  -13.5996398
224  -13.5488973
225  -13.64725787
226  -13.77149763
227  -13.8535968
228  -13.94005858
229  -14.09315798
230  -14.29779757
231  -14.46370371
232  -14.49825396
233  -14.40162972
234  -14.27917131
235  -14.21490471
236  -14.16411433
237  -14.03848656
238  -13.84601796
239  -13.68009194
240  -13.61759115
241  -13.65227546
242  -13.7081418
243  -13.7210081
244  -13.71922833
245  -13.79711113
246  -13.977705
247  -14.1637217
248  -14.26155229
249  -14.28131633
250  -14.29532406
251  -14.3439292
252  -14.38805206
253  -14.34364486
254  -14.17567699
255  -13.96342491
256  -13.82541999
257  -13.77903627
258  -13.74360032
259  -13.67762148
260  -13.63546975
261  -13.69744079
262  -13.87920897
263  -14.10110517
264  -14.25128527
265  -14.2931704
266  -14.30353434
267  -14.3554146
268  -14.40498987
269  -14.35610104
270  -14.19431998
271  -14.00415732
272  -13.879356
273  -13.8379257
274  -13.81076618
275  -13.72491795
276  -13.6087338
277  -13.57596501
278  -13.67667658
279  -13.82850788
280  -13.92922127
281  -13.97651667
282  -14.04808865
283  -14.19715197
284  -14.37883515
285  -14.47871033
286  -14.42983448
287  -14.29700285
288  -14.19973992
289  -14.15023347
290  -14.05654939
291  -13.86908788
292  -13.66281367
293  -13.56175189
294  -13.61788207
295  -13.76312093
296  -13.88018916
297  -13.93622947
298  -14.01979936
299  -14.20397939
300  -14.41406629
301  -14.50715828
302  -14.44209889
303  -14.31170046
304  -14.22396711
305  -14.1903205
306  -14.12482159
307  -13.95058234
308  -13.72109212
309  -13.5850096
310  -13.60362398
311  -13.67615805
312  -13.68896428
313  -13.66145925
314  -13.70535559
315  -13.88164696
316  -14.12647094
317  -14.30456022
318  -14.3488895
319  -14.33801558
320  -14.38473232
321  -14.46178016
322  -14.43260133
323  -14.23798533
324  -13.97264407
325  -13.77935173
326  -13.71054749
327  -13.7004828
328  -13.6584583
329  -13.5988553
330  -13.64424766
331  -13.85857595
332  -14.13046017
333  -14.2989972
334  -14.33299556
335  -14.32897659
336  -14.37108606
337  -14.43363471
338  -14.40837888
339  -14.23381934
340  -13.9945761
341  -13.84348841
342  -13.81327489
343  -13.78679976
344  -13.67814975
345  -13.54833608
346  -13.51918726
347  -13.63692495
348  -13.8230066
349  -13.95568653
350  -14.00269915
351  -14.0613228
352  -14.21808342
353  -14.40696885
354  -14.48594839
355  -14.41303458
356  -14.27706247
357  -14.17889356
358  -14.12755325
359  -14.04455541
360  -13.87045988
361  -13.66432704
362  -13.5670689
363  -13.63584979
364  -13.7757234
365  -13.87316639
366  -13.9310112
367  -14.03061284
368  -14.20776848
369  -14.39613574
370  -14.48072366
371  -14.41556446
372  -14.28294099
373  -14.20002672
374  -14.16864589
375  -14.08812293
376  -13.91511361
377  -13.72515646
378  -13.62203348
379  -13.63296346
380  -13.6918918
381  -13.71422124
382  -13.69658282
383  -13.73025571
384  -13.87944327
385  -14.08201227
386  -14.22284202
387  -14.27333237
388  -14.29586108
389  -14.34751681
390  -14.40757408
391  -14.39701905
392  -14.26081902
393  -14.04372325
394  -13.86297221
395  -13.7779533
396  -13.73526753
397  -13.67667256
398  -13.63025268
399  -13.66989758
400  -13.82508535
401  -14.04328379
402  -14.22465386
403  -14.30679255
404  -14.32527944
405  -14.36011653
406  -14.40905999
407  -14.38748123
408  -14.25067785
409  -14.05412713
410  -13.89012574
411  -13.80178965
412  -13.75652507
413  -13.6884856
414  -13.58709553
415  -13.53168878
416  -13.60024267
417  -13.75713789
418  -13.90095282
419  -13.98874066
420  -14.06408218
421  -14.18346123
422  -14.34144159
423  -14.46114014
424  -14.45902141
425  -14.33918023
426  -14.19870275
427  -14.10446382
428  -14.01457078
429  -13.86512567
430  -13.67912863
431  -13.55073237
432  -13.55723469
433  -13.68950032
434  -13.85588651
435  -13.97504846
436  -14.06477437
437  -14.1980461
438  -14.37220264
439  -14.48520981
440  -14.45864566
441  -14.323867
442  -14.17836746
443  -14.08578734
444  -14.02000649
445  -13.90520375
446  -13.72629455
447  -13.57489796
448  -13.54701698
449  -13.62223106
450  -13.69901213
451  -13.7294123
452  -13.76522114
453  -13.88239262
454  -14.08379202
455  -14.27879906
456  -14.36972756
457  -14.35842215
458  -14.33674582
459  -14.35479938
460  -14.3482992
461  -14.23174235
462  -14.01842228
463  -13.81447566
464  -13.71446913
465  -13.71466583
466  -13.73342167
467  -13.7206299
468  -13.73009588
469  -13.84891277
470  -14.06320763
471  -14.2540438
472  -14.3319885
473  -14.32404991
474  -14.31791054
475  -14.3492356
476  -14.35834385
477  -14.26202681
478  -14.06547261
479  -13.87783027
480  -13.78968085
481  -13.76818581
482  -13.7193489
483  -13.62344268
484  -13.56089317
485  -13.61381365
486  -13.77031019
487  -13.93303993
488  -14.02309394
489  -14.06878064
490  -14.16132079
491  -14.3188262
492  -14.44419234
493  -14.44219508
494  -14.3299885
495  -14.20271118
496  -14.11979611
497  -14.04864538
498  -13.92071475
499  -13.73435182
500  -13.58803895
501  -13.58185231
502  -13.69998624
503  -13.83566112
504  -13.92703717
505  -14.0107425
506  -14.14613755
507  -14.32181231
508  -14.4493225
509  -14.44964765
510  -14.33970138
511  -14.22001429
512  -14.15203909
513  -14.08768645
514  -13.95352606
515  -13.76411919
516  -13.61230451
517  -13.5677715
518  -13.61154051
519  -13.66672543
520  -13.6884224
521  -13.72258146
522  -13.84933811
523  -14.06173419
524  -14.2577489
525  -14.35617637
526  -14.37566165
527  -14.38413553
528  -14.40652313
529  -14.39319922
530  -14.27542859
531  -14.05879143
532  -13.84146926
533  -13.71808994
534  -13.68207938
535  -13.66451018
536  -13.6458363
537  -13.67768662
538  -13.81004751
539  -14.023128
540  -14.22897772
541  -14.34377172
542  -14.36812081
543  -14.37254122
544  -14.3883663
545  -14.36635104
546  -14.24979086
547  -14.05861015
548  -13.87655105
549  -13.76805207
550  -13.72580059
551  -13.6908372
552  -13.63145565
553  -13.5919401
554  -13.64129383
555  -13.77905707
556  -13.92935612
557  -14.03146248
558  -14.1001263
559  -14.18986475
560  -14.31728547
561  -14.43013168
562  -14.45140865
563  -14.36297836
564  -14.22719117
565  -14.11071756
566  -14.01118752
567  -13.8844548
568  -13.72639602
569  -13.60298515
570  -13.58962126
571  -13.69800784
572  -13.86120471
573  -13.99984408
574  -14.10078175
575  -14.20462556
576  -14.32766643
577  -14.42047077
578  -14.41925166
579  -14.32299679
580  -14.19345666
581  -14.09316315
582  -14.02435637
583  -13.93873835
584  -13.81134681
585  -13.68434027
586  -13.62332467
587  -13.64432311
588  -13.70255001
589  -13.74845418
590  -13.78875766
591  -13.87395053
592  -14.0271576
593  -14.2011834
594  -14.32110307
595  -14.35883146
596  -14.35509723
597  -14.35274905
598  -14.33674099
599  -14.25405555
600  -14.08742307
601  -13.89283094
602  -13.75243384
603  -13.69760619
604  -13.69180584
605  -13.69196612
606  -13.7114241
607  -13.80286932
608  -13.97766994
609  -14.17030477
610  -14.29944481
611  -14.3451308
612  -14.35116847
613  -14.3595079
614  -14.3551686
615  -14.2846159
616  -14.13010437
617  -13.94945176
618  -13.81940468
619  -13.75215712
620  -13.69929726
621  -13.62857726
622  -13.57310333
623  -13.59573141
624  -13.71404898
625  -13.87604057
626  -14.01265279
627  -14.11078536
628  -14.21651547
629  -14.35245723
630  -14.46613115
631  -14.4838749
632  -14.39167141
633  -14.24584321
634  -14.1101129
635  -13.99519046
636  -13.86830768
637  -13.71451331
638  -13.58798646
639  -13.56919213
640  -13.66971862
641  -13.81997516
642  -13.95367551
643  -14.06673345
644  -14.19328108
645  -14.33855457
646  -14.45408039
647  -14.47445977
648  -14.38744924
649  -14.25532009
650  -14.14320127
651  -14.04662385
652  -13.92182019
653  -13.76357886
654  -13.62614284
655  -13.56898383
656  -13.5985974
657  -13.66796972
658  -13.72869236
659  -13.78655663
660  -13.88936468
661  -14.0524959
662  -14.22058494
663  -14.32769944
664  -14.36335596
665  -14.36535349
666  -14.36221648
667  -14.33876935
668  -14.247253
669  -14.07284751
670  -13.87122789
671  -13.72398539
672  -13.66005151
673  -13.64542786
674  -13.65008438
675  -13.69277462
676  -13.80935076
677  -13.99652337
678  -14.19576205
679  -14.33023806
680  -14.37384573
681  -14.3671543
682  -14.35680023
683  -14.33041132
684  -14.24157918
685  -14.08606118
686  -13.91951021
687  -13.80280118
688  -13.74602322
689  -13.7119491
690  -13.66356489
691  -13.61982485
692  -13.63464537
693  -13.72863126
694  -13.86073846
695  -13.97609341
696  -14.06519229
697  -14.15778693
698  -14.27372974
699  -14.38527601
700  -14.43146864
701  -14.3807234
702  -14.26360011
703  -14.13522912
704  -14.01791718
705  -13.89347303
706  -13.75329339
707  -13.63521321
708  -13.59697599
709  -13.66123571
710  -13.79485635
711  -13.93785769
712  -14.05815034
713  -14.17008859
714  -14.28848038
715  -14.39013954
716  -14.42677274
717  -14.37733774
718  -14.27228625
719  -14.16321943
720  -14.07224552
721  -13.97894595
722  -13.8578667
723  -13.72589161
724  -13.63346662
725  -13.61503671
726  -13.65399433
727  -13.70861325
728  -13.7637855
729  -13.84732325
730  -13.98637151
731  -14.16265948
732  -14.31566292
733  -14.39948586
734  -14.42019096
735  -14.4105859
736  -14.37832429
737  -14.29490044
738  -14.13544397
739  -13.92825716
740  -13.74579386
741  -13.64447765
742  -13.62388204
743  -13.64819318
744  -13.70173302
745  -13.80695345
746  -13.97915692
747  -14.18422131
748  -14.35005001
749  -14.42562773
750  -14.42398153
751  -14.39256711
752  -14.35069486
753  -14.27087734
754  -14.12511389
755  -13.9392441
756  -13.78019417
757  -13.69062465
758  -13.65479774
759  -13.62976045
760  -13.60591134
761  -13.62294014
762  -13.71939712
763  -13.87716248
764  -14.03102302
765  -14.13642632
766  -14.2111403
767  -14.29380736
768  -14.38051662
769  -14.41892566
770  -14.36462587
771  -14.23270931
772  -14.08662762
773  -13.97130368
774  -13.87268761
775  -13.75823276
776  -13.6438273
777  -13.5940928
778  -13.65329023
779  -13.79690564
780  -13.95436826
781  -14.07919461
782  -14.18446031
783  -14.30079773
784  -14.413012
785  -14.45787014
786  -14.39440721
787  -14.25685951
788  -14.1181333
789  -14.01280071
790  -13.91554975
791  -13.79117236
792  -13.65689123
793  -13.57537084
794  -13.58762115
795  -13.66497907
796  -13.74307309
797  -13.79951032
798  -13.87371827
799  -14.00354617
800  -14.1653367
801  -14.29262443
802  -14.34406055
803  -14.34131472
804  -14.331924
805  -14.32203018
806  -14.2647602
807  -14.1231599
808  -13.93408168
809  -13.77904191
810  -13.70340123
811  -13.68652216
812  -13.68722347
813  -13.70604259
814  -13.7843907
815  -13.94290549
816  -14.13661544
817  -14.28376843
818  -14.34498859
819  -14.35305262
820  -14.35390181
821  -14.34154471
822  -14.27227011
823  -14.12855581
824  -13.95261615
825  -13.81150981
826  -13.73281933
827  -13.68551322
828  -13.62971257
829  -13.57890747
830  -13.58888637
831  -13.68415312
832  -13.82610084
833  -13.95717559
834  -14.05919202
835  -14.15915027
836  -14.28066576
837  -14.4004558
838  -14.45679347
839  -14.41254946
840  -14.2970836
841  -14.16726399
842  -14.04214275
843  -13.90403483
844  -13.74777379
845  -13.61252471
846  -13.56028506
847  -13.61944101
848  -13.75785157
849  -13.91315723
850  -14.05290814
851  -14.19084089
852  -14.33240649
853  -14.43922636
854  -14.46286823
855  -14.39308823
856  -14.2656499
857  -14.1315785
858  -14.01411482
859  -13.89747517
860  -13.76413281
861  -13.63923999
862  -13.57288885
863  -13.58082107
864  -13.63354529
865  -13.69859787
866  -13.77095803
867  -13.86921411
868  -14.00789533
869  -14.16854074
870  -14.29946405
871  -14.36422786
872  -14.3757264
873  -14.36190509
874  -14.31855212
875  -14.2234564
876  -14.07293716
877  -13.89789607
878  -13.75118763
879  -13.67249754
880  -13.65933931
881  -13.68333079
882  -13.73711737
883  -13.84067472
884  -13.99483106
885  -14.16046297
886  -14.28862759
887  -14.35463303
888  -14.36682319
889  -14.34965844
890  -14.31195222
891  -14.23434861
892  -14.10365893
893  -13.94688058
894  -13.81278956
895  -13.72373198
896  -13.6681375
897  -13.63024519
898  -13.61417923
899  -13.64173905
900  -13.72771232
901  -13.85519374
902  -13.98412088
903  -14.09015133
904  -14.18220017
905  -14.27507652
906  -14.353701
907  -14.38669066
908  -14.35326215
909  -14.26306561
910  -14.14557121
911  -14.02468848
912  -13.90478069
913  -13.78330603
914  -13.68103983
915  -13.6378139
916  -13.67557784
917  -13.77912112
918  -13.91223454
919  -14.04384584
920  -14.16355005
921  -14.27170244
922  -14.35539921
923  -14.38828063
924  -14.35246131
925  -14.26244828
926  -14.15236286
927  -14.04225281
928  -13.93154328
929  -13.81434525
930  -13.70114595
931  -13.62114635
932  -13.59808165
933  -13.62832968
934  -13.68890994
935  -13.7650061
936  -13.86496941
937  -13.99758093
938  -14.14626716
939  -14.27706356
940  -14.36359774
941  -14.40045014
942  -14.39713256
943  -14.35809867
944  -14.27435918
945  -14.13798617
946  -13.96685799
947  -13.80445678
948  -13.68807782
949  -13.62799842
950  -13.62369175
951  -13.67330889
952  -13.77958447
953  -13.93705698
954  -14.12057072
955  -14.28577593
956  -14.39363655
957  -14.436091
958  -14.42748931
959  -14.37331305
960  -14.26998066
961  -14.1255489
962  -13.96228548
963  -13.81126864
964  -13.69948922
965  -13.634047
966  -13.60282988
967  -13.60073877
968  -13.64128769
969  -13.73233006
970  -13.85900119
971  -13.9993708
972  -14.13432704
973  -14.25169615
974  -14.34810045
975  -14.41872737
976  -14.44389494
977  -14.40114986
978  -14.29472649
979  -14.15350956
980  -14.00283004
981  -13.8593866
982  -13.74105067
983  -13.66225903
984  -13.63812243
985  -13.6844419
986  -13.79842869
987  -13.94806502
988  -14.09566204
989  -14.22398661
990  -14.32651289
991  -14.39028135
992  -14.40522974
993  -14.36764432
994  -14.2795437
995  -14.15941318
996  -14.03653816
997  -13.92406654
998  -13.81569901
999  -13.71497981
1000  -13.64410496
1001  -13.61881974
1002  -13.63931473
1003  -13.69799134
1004  -13.78243752
1005  -13.88181104
1006  -14.00006497
1007  -14.13790575
1008  -14.2700299
1009  -14.36084748
1010  -14.39933298
1011  -14.39351206
1012  -14.34901285
1013  -14.26385258
1014  -14.13699272
1015  -13.97825616
1016  -13.81964622
1017  -13.70731878
1018  -13.6661967
1019  -13.68417356
1020  -13.74145032
1021  -13.8359998
1022  -13.96948326
1023  -14.12336162
1024  -14.26183518
1025  -14.35125613
1026  -14.37840662
1027  -14.35885489
1028  -14.31618607
1029  -14.25133956
1030  -14.14837932
1031  -14.01256985
1032  -13.87881535
1033  -13.77670334
1034  -13.70849689
1035  -13.66138266
1036  -13.63054539
1037  -13.63005186
1038  -13.682728
1039  -13.79237934
1040  -13.92937045
1041  -14.05730531
1042  -14.17201903
1043  -14.28749299
1044  -14.39341477
1045  -14.45227087
1046  -14.43281008
1047  -14.33581937
1048  -14.19409296
1049  -14.04671962
1050  -13.90873224
1051  -13.7738591
1052  -13.65331414
1053  -13.59417106
1054  -13.63346039
1055  -13.7539224
1056  -13.90400587
1057  -14.04556992
1058  -14.17266017
1059  -14.29421217
1060  -14.40071845
1061  -14.45398971
1062  -14.42009724
1063  -14.31336183
1064  -14.18761569
1065  -14.07212587
1066  -13.95243985
1067  -13.81248047
1068  -13.67157694
1069  -13.57650784
1070  -13.56100782
1071  -13.61433825
1072  -13.6929415
1073  -13.77127553
1074  -13.8713422
1075  -14.0186934
1076  -14.18723925
1077  -14.31673419
1078  -14.37239159
1079  -14.3695852
1080  -14.34519119
1081  -14.30949439
1082  -14.23380011
1083  -14.08999826
1084  -13.9032375
1085  -13.74687698
1086  -13.66727243
1087  -13.64794711
1088  -13.65708676
1089  -13.69520157
1090  -13.79053871
1091  -13.95436849
1092  -14.14819319
1093  -14.30113547
1094  -14.36955724
1095  -14.37601971
1096  -14.3662821
1097  -14.33795955
1098  -14.25402013
1099  -14.10666409
1100  -13.9383245
1101  -13.80552647
1102  -13.73251676
1103  -13.69473119
1104  -13.65639549
1105  -13.62428085
1106  -13.64667683
1107  -13.74515181
1108  -13.87846025
1109  -13.99406208
1110  -14.0843301
1111  -14.17639339
1112  -14.28526186
1113  -14.3858417
1114  -14.42423806
1115  -14.37292742
1116  -14.26678394
1117  -14.15967929
1118  -14.05773586
1119  -13.93258817
1120  -13.78631817
1121  -13.66713184
1122  -13.62836836
1123  -13.68317308
1124  -13.79638911
1125  -13.91547428
1126  -14.02497669
1127  -14.14930926
1128  -14.28925166
1129  -14.39576061
1130  -14.4184495
1131  -14.3627419
1132  -14.27204288
1133  -14.17926878
1134  -14.08423694
1135  -13.96582755
1136  -13.82172638
1137  -13.69298305
1138  -13.62743898
1139  -13.62557368
1140  -13.64664352
1141  -13.67179019
1142  -13.72670479
1143  -13.83668307
1144  -13.99111083
1145  -14.14855526
1146  -14.26831362
1147  -14.34244297
1148  -14.3911866
1149  -14.4195664
1150  -14.39393707
1151  -14.28406162
1152  -14.1122703
1153  -13.93610317
1154  -13.7951718
1155  -13.69702276
1156  -13.63527337
1157  -13.61527345
1158  -13.65856023
1159  -13.77909009
1160  -13.94972427
1161  -14.11136944
1162  -14.22734985
1163  -14.30800017
1164  -14.36849075
1165  -14.39600134
1166  -14.36468131
1167  -14.27061054
1168  -14.13644764
1169  -13.99723303
1170  -13.87604282
1171  -13.7666039
1172  -13.65698888
1173  -13.56687117
1174  -13.53790944
1175  -13.58363163
1176  -13.68051678
1177  -13.80047041
1178  -13.93279268
1179  -14.07659852
1180  -14.22702184
1181  -14.36173494
1182  -14.43883836
1183  -14.4327764
1184  -14.36318638
1185  -14.26411245
1186  -14.14478191
1187  -13.99961426
1188  -13.8437176
1189  -13.71186101
1190  -13.63685713
1191  -13.63684353
1192  -13.70367308
1193  -13.80424925
1194  -13.91908529
1195  -14.05273822
1196  -14.19675225
1197  -14.31567697
1198  -14.37933633
1199  -14.3842776
1200  -14.3393644
1201  -14.25904255
1202  -14.15851168
1203  -14.04246299
1204  -13.90941664
1205  -13.77949764
1206  -13.68356837
1207  -13.63100988
1208  -13.61497283
1209  -13.63310141
1210  -13.68582409
1211  -13.76665306
1212  -13.87238702
1213  -14.00233016
1214  -14.13732502
1215  -14.24766634
1216  -14.32117931
1217  -14.35721717
1218  -14.35285286
1219  -14.3051867
1220  -14.21643514
1221  -14.08882976
1222  -13.9355191
1223  -13.79646223
1224  -13.709647
1225  -13.67838955
1226  -13.69021125
1227  -13.74324129
1228  -13.83896885
1229  -13.97103465
1230  -14.12139059
1231  -14.25582592
1232  -14.33380729
1233  -14.34869801
1234  -14.32981898
1235  -14.29653731
1236  -14.236412
1237  -14.12958979
1238  -13.98540622
1239  -13.84247038
1240  -13.74096438
1241  -13.68756667
1242  -13.65476911
1243  -13.62140346
1244  -13.61239279
1245  -13.66804365
1246  -13.78984328
1247  -13.93327266
1248  -14.05273496
1249  -14.14315026
1250  -14.23321318
1251  -14.33447912
1252  -14.41161369
1253  -14.40825405
1254  -14.31338773
1255  -14.17364484
1256  -14.04111585
1257  -13.92205345
1258  -13.79680451
1259  -13.66893313
1260  -13.58445418
1261  -13.59952091
1262  -13.71870742
1263  -13.8837004
1264  -14.03039245
1265  -14.14896963
1266  -14.26417185
1267  -14.37428238
1268  -14.43683942
1269  -14.40890887
1270  -14.29773869
1271  -14.15647057
1272  -14.03567872
1273  -13.93519946
1274  -13.81795964
1275  -13.68097937
1276  -13.57550981
1277  -13.55070443
1278  -13.59816736
1279  -13.67208993
1280  -13.74473927
1281  -13.82960187
1282  -13.95908358
1283  -14.12766313
1284  -14.28104949
1285  -14.36512179
1286  -14.37964776
1287  -14.36685664
1288  -14.33793782
1289  -14.25785486
1290  -14.10741065
1291  -13.91863346
1292  -13.75224475
1293  -13.65501698
1294  -13.62808475
1295  -13.64066821
1296  -13.68174149
1297  -13.7777666
1298  -13.94725604
1299  -14.14215473
1300  -14.28771808
1301  -14.35158716
1302  -14.36103295
1303  -14.34899297
1304  -14.31603576
1305  -14.23380103
1306  -14.08749506
1307  -13.91767998
1308  -13.78996527
1309  -13.72692864
1310  -13.68413102
1311  -13.62600508
1312  -13.58319862
1313  -13.60515727
1314  -13.70054382
1315  -13.83264307
1316  -13.95223019
1317  -14.04333132
1318  -14.13927841
1319  -14.26705651
1320  -14.38460361
1321  -14.41505868
1322  -14.34561687
1323  -14.23527791
1324  -14.13189387
1325  -14.03430308
1326  -13.91542489
1327  -13.7701842
1328  -13.64464907
1329  -13.61116309
1330  -13.68727751
1331  -13.80568133
1332  -13.90141035
1333  -13.98825269
1334  -14.10717795
1335  -14.24989532
1336  -14.36042213
1337  -14.38420702
1338  -14.3168127
1339  -14.21109014
1340  -14.12943853
1341  -14.06556786
1342  -13.95972031
1343  -13.80280004
1344  -13.66251895
1345  -13.60226925
1346  -13.61496142
1347  -13.65053581
1348  -13.67320718
1349  -13.69932718
1350  -13.78331864
1351  -13.94589613
1352  -14.12591646
1353  -14.24495683
1354  -14.29952576
1355  -14.33830876
1356  -14.37994231
1357  -14.38686576
1358  -14.31021926
1359  -14.14489749
1360  -13.94879683
1361  -13.79851747
1362  -13.71905049
1363  -13.67240768
1364  -13.6340134
1365  -13.63929882
1366  -13.73362724
1367  -13.90666431
1368  -14.09488366
1369  -14.23419964
1370  -14.30628913
1371  -14.34116696
1372  -14.36596152
1373  -14.35966701
1374  -14.27787515
1375  -14.12206472
1376  -13.94999757
1377  -13.81700879
1378  -13.73004141
1379  -13.66232965
1380  -13.59854701
1381  -13.5592942
1382  -13.58163124
1383  -13.6760291
1384  -13.80612141
1385  -13.92785111
1386  -14.03396931
1387  -14.14654674
1388  -14.27116142
1389  -14.37726961
1390  -14.42195045
1391  -14.38801999
1392  -14.294203
1393  -14.1740292
1394  -14.04406005
1395  -13.89951721
1396  -13.74814063
1397  -13.62957758
1398  -13.58787062
1399  -13.6358979
1400  -13.74895459
1401  -13.89096713
1402  -14.03616549
1403  -14.17552268
1404  -14.30019008
1405  -14.38781584
1406  -14.40712095
1407  -14.35196983
1408  -14.24795299
1409  -14.12733734
1410  -14.00659736
1411  -13.88644384
1412  -13.76757643
1413  -13.66144519
1414  -13.59492318
1415  -13.58760176
1416  -13.62748771
1417  -13.68808019
1418  -13.76265173
1419  -13.86141037
1420  -13.98652493
1421  -14.12320442
1422  -14.24464473
1423  -14.32508079
1424  -14.35480972
1425  -14.34793039
1426  -14.31498334
1427  -14.23766978
1428  -14.1059463
1429  -13.94787519
1430  -13.8037913
1431  -13.70292448
1432  -13.65879246
1433  -13.6664291
1434  -13.71391846
1435  -13.80373616
1436  -13.94584979
1437  -14.11354106
1438  -14.24975574
1439  -14.32394203
1440  -14.34678709
1441  -14.33405954
1442  -14.29285045
1443  -14.21962587
1444  -14.10687375
1445  -13.96235726
1446  -13.83020566
1447  -13.74795282
1448  -13.69772607
1449  -13.64802455
1450  -13.60900414
1451  -13.61477525
1452  -13.67909063
1453  -13.78926644
1454  -13.91383022
1455  -14.02222695
1456  -14.11903937
1457  -14.23358411
1458  -14.35470216
1459  -14.41882494
1460  -14.39100174
1461  -14.29912736
1462  -14.18679204
1463  -14.069899
1464  -13.94536041
1465  -13.80648095
1466  -13.66788425
1467  -13.59028936
1468  -13.62473441
1469  -13.7425967
1470  -13.87021948
1471  -13.9795889
1472  -14.09353383
1473  -14.22523451
1474  -14.35146561
1475  -14.41809704
1476  -14.38636321
1477  -14.27857349
1478  -14.16582249
1479  -14.08266341
1480  -13.98925817
1481  -13.84403816
1482  -13.67807439
1483  -13.56610288
1484  -13.5481337
1485  -13.5994214
1486  -13.66266837
1487  -13.71475605
1488  -13.79676064
1489  -13.95614428
1490  -14.16281231
1491  -14.32512623
1492  -14.39153953
1493  -14.3922154
1494  -14.38030721
1495  -14.36298729
1496  -14.29390149
1497  -14.13864002
1498  -13.93115956
1499  -13.76070333
1500  -13.68695617
1501  -13.68297321
1502  -13.68964397
1503  -13.70271369
1504  -13.77174098
1505  -13.92502016
1506  -14.11970421
1507  -14.27294634
1508  -14.33668969
1509  -14.33724524
1510  -14.33092293
1511  -14.32688255
1512  -14.27302722
1513  -14.13446196
1514  -13.95107812
1515  -13.80210931
1516  -13.72483445
1517  -13.68823678
1518  -13.64648661
1519  -13.59968089
1520  -13.60118558
1521  -13.69521833
1522  -13.85300445
1523  -13.99774958
1524  -14.09319819
1525  -14.17387906
1526  -14.27842057
1527  -14.38818138
1528  -14.44185525
1529  -14.39725555
1530  -14.27692838
1531  -14.14631944
1532  -14.04541091
1533  -13.94999216
1534  -13.82454659
1535  -13.6979325
1536  -13.64394936
1537  -13.69764484
1538  -13.82038428
1539  -13.95035059
1540  -14.05653663
1541  -14.15215395
1542  -14.26362682
1543  -14.37304959
1544  -14.41408333
1545  -14.35255215
1546  -14.23530962
1547  -14.12531836
1548  -14.03761981
1549  -13.94584817
1550  -13.83234718
1551  -13.7131046
1552  -13.63522094
1553  -13.63746964
1554  -13.69349081
1555  -13.74135517
1556  -13.77400417
1557  -13.83922144
1558  -13.96281591
1559  -14.11392823
1560  -14.24383432
1561  -14.3202343
1562  -14.34707824
1563  -14.35699973
1564  -14.36200756
1565  -14.31354756
1566  -14.17272301
1567  -13.9820229
1568  -13.818165
1569  -13.71639556
1570  -13.67067503
1571  -13.66461683
1572  -13.69070702
1573  -13.76541177
1574  -13.91087759
1575  -14.09918414
1576  -14.25029288
1577  -14.32114017
1578  -14.33753962
1579  -14.3316736
1580  -14.30736655
1581  -14.24694166
1582  -14.13374597
1583  -13.97711138
1584  -13.82692829
1585  -13.73174333
1586  -13.6799162
1587  -13.62839688
1588  -13.57941814
1589  -13.57593069
1590  -13.64334782
1591  -13.77223963
1592  -13.92439267
1593  -14.05569749
1594  -14.15722316
1595  -14.26083597
1596  -14.37319926
1597  -14.44228119
1598  -14.41640893
1599  -14.30398737
1600  -14.15497821
1601  -14.01331682
1602  -13.89247359
1603  -13.77902057
1604  -13.66662025
1605  -13.59603902
1606  -13.62611127
1607  -13.75854952
1608  -13.92548736
1609  -14.06567718
1610  -14.17232348
1611  -14.2690491
1612  -14.36212252
1613  -14.42125285
1614  -14.39736616
1615  -14.2813035
1616  -14.12995977
1617  -14.00775185
1618  -13.91782562
1619  -13.81740703
1620  -13.69376622
1621  -13.5910521
1622  -13.56295179
1623  -13.62119007
1624  -13.71951234
1625  -13.80275807
1626  -13.87079141
1627  -13.9708989
1628  -14.12566438
1629  -14.28242652
1630  -14.36831947
1631  -14.37002239
1632  -14.33100451
1633  -14.29439243
1634  -14.24931703
1635  -14.15112182
1636  -13.98302342
1637  -13.79762407
1638  -13.68338631
1639  -13.6714017
1640  -13.70990625
1641  -13.74862981
1642  -13.80149128
1643  -13.91312999
1644  -14.08511591
1645  -14.25548732
1646  -14.34770695
1647  -14.34220565
1648  -14.2930255
1649  -14.26006368
1650  -14.22916833
1651  -14.13757655
1652  -13.97589932
1653  -13.81114255
1654  -13.71340157
1655  -13.68660765
1656  -13.67947611
1657  -13.65041828
1658  -13.62350075
1659  -13.66602736
1660  -13.80279369
1661  -13.96627144
1662  -14.07827365
1663  -14.14111925
1664  -14.21028819
1665  -14.30859887
1666  -14.39198275
1667  -14.39337032
1668  -14.29365424
1669  -14.1505689
1670  -14.04182513
1671  -13.97237281
1672  -13.88165936
1673  -13.75254598
1674  -13.65291901
1675  -13.65659932
1676  -13.76458329
1677  -13.91199518
1678  -14.03019766
1679  -14.10902768
1680  -14.19716217
1681  -14.32059768
1682  -14.41635729
1683  -14.40263264
1684  -14.28756815
1685  -14.15228402
1686  -14.05434257
1687  -13.98030296
1688  -13.88008842
1689  -13.73592321
1690  -13.6023557
1691  -13.56223405
1692  -13.62394593
1693  -13.70755826
1694  -13.75921996
1695  -13.81676211
1696  -13.93988322
1697  -14.12536774
1698  -14.3039702
1699  -14.39972293
1700  -14.39892346
1701  -14.36164489
1702  -14.33926735
1703  -14.29560476
1704  -14.16240806
1705  -13.95530829
1706  -13.77041107
1707  -13.68146271
1708  -13.68373015
1709  -13.72256716
1710  -13.75696351
1711  -13.81027273
1712  -13.93701368
1713  -14.12958985
1714  -14.29747646
1715  -14.36375368
1716  -14.34778036
1717  -14.31521341
1718  -14.2912815
1719  -14.24349106
1720  -14.12775394
1721  -13.94909068
1722  -13.77878546
1723  -13.68590061
1724  -13.66310858
1725  -13.64489539
1726  -13.60829493
1727  -13.60314086
1728  -13.67917917
1729  -13.8251919
1730  -13.98093597
1731  -14.09405656
1732  -14.16717091
1733  -14.2434148
1734  -14.34130142
1735  -14.40970425
1736  -14.38256138
1737  -14.26497966
1738  -14.12087787
1739  -13.99739562
1740  -13.89422978
1741  -13.78921316
1742  -13.68255598
1743  -13.6185065
1744  -13.65032848
1745  -13.78039132
1746  -13.94377148
1747  -14.07368088
1748  -14.16516959
1749  -14.24650686
1750  -14.3239933
1751  -14.36460306
1752  -14.33087443
1753  -14.22089831
1754  -14.08089563
1755  -13.96679437
1756  -13.88885407
1757  -13.80884933
1758  -13.70648446
1759  -13.61514254
1760  -13.58204936
1761  -13.61950952
1762  -13.69956464
1763  -13.78379493
1764  -13.85871702
1765  -13.95083043
1766  -14.08882104
1767  -14.24691326
1768  -14.35796846
1769  -14.3876679
1770  -14.35841882
1771  -14.30839767
1772  -14.24784382
1773  -14.15478123
1774  -14.00851113
1775  -13.83342926
1776  -13.70114937
1777  -13.66615174
1778  -13.70632429
1779  -13.76614644
1780  -13.82886711
1781  -13.92099069
1782  -14.06033687
1783  -14.22100368
1784  -14.34227623
1785  -14.37243134
1786  -14.32492448
1787  -14.26405563
1788  -14.21961266
1789  -14.14973712
1790  -14.01412666
1791  -13.83721741
1792  -13.68912643
1793  -13.61879079
1794  -13.61426439
1795  -13.61844318
1796  -13.60547211
1797  -13.62394561
1798  -13.73185999
1799  -13.9109101
1800  -14.07888236
1801  -14.18397113
1802  -14.24450833
1803  -14.3061701
1804  -14.37898178
1805  -14.41130529
1806  -14.33728088
1807  -14.16671846
1808  -13.98976723
1809  -13.87548256
1810  -13.80342245
1811  -13.72061657
1812  -13.63505968
1813  -13.6147946
1814  -13.71328481
1815  -13.90498389
1816  -14.09265782
1817  -14.20197415
1818  -14.25568193
1819  -14.32211953
1820  -14.40107677
1821  -14.41066248
1822  -14.30034358
1823  -14.1161067
1824  -13.95268634
1825  -13.85933171
1826  -13.80091354
1827  -13.71164335
1828  -13.59305396
1829  -13.53024731
1830  -13.58951535
1831  -13.72715587
1832  -13.84217049
1833  -13.90195637
1834  -13.96518708
1835  -14.09469205
1836  -14.26709908
1837  -14.39024043
1838  -14.39727215
1839  -14.320922
1840  -14.25506103
1841  -14.22953944
1842  -14.17197947
1843  -14.0184805
1844  -13.8176594
1845  -13.68394626
1846  -13.6742689
1847  -13.74207332
1848  -13.80384562
1849  -13.83766716
1850  -13.90794022
1851  -14.06923247
1852  -14.26586641
1853  -14.37512887
1854  -14.35184612
1855  -14.2692411
1856  -14.21609351
1857  -14.19170464
1858  -14.12562775
1859  -13.96981294
1860  -13.77677587
1861  -13.65534254
1862  -13.65067105
1863  -13.68682821
1864  -13.67399008
1865  -13.63228524
1866  -13.66133455
1867  -13.80343465
1868  -13.99291664
1869  -14.13213641
1870  -14.18809885
1871  -14.21900636
1872  -14.29352407
1873  -14.3876884
1874  -14.39919796
1875  -14.27665603
1876  -14.09513143
1877  -13.96099619
1878  -13.89781908
1879  -13.84760416
1880  -13.762855
1881  -13.6741468
1882  -13.66823772
1883  -13.78862033
1884  -13.96625074
1885  -14.09077097
1886  -14.14031559
1887  -14.18452978
1888  -14.26783709
1889  -14.34813737
1890  -14.34792449
1891  -14.2387451
1892  -14.07845901
1893  -13.95617257
1894  -13.89664731
1895  -13.83670604
1896  -13.72324518
1897  -13.59598067
1898  -13.54410191
1899  -13.60023075
1900  -13.7120034
1901  -13.80751351
1902  -13.87077473
1903  -13.9527186
1904  -14.10213258
1905  -14.28611812
1906  -14.40851613
1907  -14.41978937
1908  -14.36261058
1909  -14.30207988
1910  -14.24753626
1911  -14.15289631
1912  -13.98808835
1913  -13.79317163
1914  -13.65794967
1915  -13.64200538
1916  -13.71152526
1917  -13.79338804
1918  -13.8670698
1919  -13.96792522
1920  -14.12066466
1921  -14.28813691
1922  -14.39282366
1923  -14.3903303
1924  -14.3150781
1925  -14.23033206
1926  -14.16455908
1927  -14.08146422
1928  -13.94397475
1929  -13.77477662
1930  -13.64292421
1931  -13.59461251
1932  -13.60948362
1933  -13.63148778
1934  -13.64063426
1935  -13.67603075
1936  -13.78503897
1937  -13.95844986
1938  -14.12944169
1939  -14.24132728
1940  -14.29510872
1941  -14.33480041
1942  -14.38085945
1943  -14.39251525
1944  -14.31642681
1945  -14.15396723
1946  -13.9722757
1947  -13.84400215
1948  -13.78074624
1949  -13.74254228
1950  -13.70434927
1951  -13.69808418
1952  -13.77623166
1953  -13.93951022
1954  -14.1174416
1955  -14.2323557
1956  -14.27269678
1957  -14.29052467
1958  -14.32294439
1959  -14.33742003
1960  -14.27365032
1961  -14.12510604
1962  -13.95677291
1963  -13.839879
1964  -13.78122674
1965  -13.72797971
1966  -13.64544145
1967  -13.5732865
1968  -13.585562
1969  -13.69770646
1970  -13.84153316
1971  -13.9449779
1972  -14.01051438
1973  -14.09517367
1974  -14.22760222
1975  -14.35999599
1976  -14.40921181
1977  -14.34882168
1978  -14.24389079
1979  -14.17197912
1980  -14.12612275
1981  -14.03490153
1982  -13.87716576
1983  -13.7262516
1984  -13.6726241
1985  -13.73366114
1986  -13.83979795
1987  -13.91321258
1988  -13.95814191
1989  -14.04668532
1990  -14.20464207
1991  -14.34861686
1992  -14.38053095
1993  -14.30350899
1994  -14.20396281
1995  -14.146774
1996  -14.10996722
1997  -14.01870663
1998  -13.84732145
1999  -13.67475034
2000  -13.60526677
2001  -13.64067045
2002  -13.68447101
2003  -13.67905535
2004  -13.67580471
2005  -13.76012917
2006  -13.94201872
2007  -14.13490478
2008  -14.23896594
2009  -14.25008581
2010  -14.25995459
2011  -14.32617514
2012  -14.38143323
2013  -14.32207766
2014  -14.14644625
2015  -13.96026694
2016  -13.85669292
2017  -13.82753256
2018  -13.79120578
2019  -13.70716219
2020  -13.64557477
2021  -13.71268432
2022  -13.9059996
2023  -14.10214297
2024  -14.19996742
2025  -14.2204753
2026  -14.2504571
2027  -14.31935632
2028  -14.35507706
2029  -14.26879828
2030  -14.07019561
2031  -13.87842019
2032  -13.7896287
2033  -13.76429616
2034  -13.70446431
2035  -13.59145626
2036  -13.51323114
2037  -13.55579918
2038  -13.70428851
2039  -13.85608367
2040  -13.93749306
2041  -13.98663668
2042  -14.09425876
2043  -14.27117225
2044  -14.41675235
2045  -14.43405075
2046  -14.33661956
2047  -14.22198758
2048  -14.15394973
2049  -14.09794969
2050  -13.9814296
2051  -13.80679942
2052  -13.67231682
2053  -13.6691373
2054  -13.77647757
2055  -13.89274156
2056  -13.9551431
2057  -14.00200024
2058  -14.10212421
2059  -14.25157022
2060  -14.36223626
2061  -14.35793937
2062  -14.26033007
2063  -14.15945896
2064  -14.1061434
2065  -14.05984957
2066  -13.95165726
2067  -13.78516701
2068  -13.64411594
2069  -13.60104896
2070  -13.63773147
2071  -13.67976272
2072  -13.69198381
2073  -13.71745526
2074  -13.81775578
2075  -13.99174091
2076  -14.16172108
2077  -14.25525948
2078  -14.28271038
2079  -14.30466195
2080  -14.34511334
2081  -14.35606006
2082  -14.27842389
2083  -14.11733522
2084  -13.94683491
2085  -13.83934897
2086  -13.79829432
2087  -13.77318797
2088  -13.73947952
2089  -13.73760892
2090  -13.82037274
2091  -13.97627438
2092  -14.13669277
2093  -14.23781568
2094  -14.27269431
2095  -14.28354471
2096  -14.30264717
2097  -14.30471199
2098  -14.23618885
2099  -14.09478343
2100  -13.93887773
2101  -13.82519351
2102  -13.75775152
2103  -13.70344714
2104  -13.63777183
2105  -13.58067918
2106  -13.58658234
2107  -13.67924281
2108  -13.8168053
2109  -13.94186325
2110  -14.03983014
2111  -14.13881503
2112  -14.2587816
2113  -14.37694919
2114  -14.43606322
2115  -14.39460415
2116  -14.2802503
2117  -14.16331378
2118  -14.07140331
2119  -13.97618807
2120  -13.84873878
2121  -13.71917579
2122  -13.65615377
2123  -13.70025718
2124  -13.82207404
2125  -13.945138
2126  -14.02952073
2127  -14.10953322
2128  -14.22815216
2129  -14.35317936
2130  -14.40761266
2131  -14.35302289
2132  -14.23058242
2133  -14.11200471
2134  -14.02986106
2135  -13.94799849
2136  -13.81310237
2137  -13.64622615
2138  -13.53827498
2139  -13.5407432
2140  -13.61516965
2141  -13.68530363
2142  -13.72754732
2143  -13.78966114
2144  -13.92668357
2145  -14.1206174
2146  -14.2747902
2147  -14.32352956
2148  -14.3052069
2149  -14.30229463
2150  -14.3230834
2151  -14.30026112
2152  -14.17572475
2153  -13.98023365
2154  -13.81839054
2155  -13.7604766
2156  -13.77208874
2157  -13.77249326
2158  -13.75207522
2159  -13.78947473
2160  -13.93942131
2161  -14.14642395
2162  -14.29725281
2163  -14.3289168
2164  -14.28598546
2165  -14.26207235
2166  -14.27437907
2167  -14.23652895
2168  -14.08022304
2169  -13.86435788
2170  -13.71293029
2171  -13.67728258
2172  -13.68814579
2173  -13.65897249
2174  -13.59179751
2175  -13.57977277
2176  -13.69565033
2177  -13.88236102
2178  -14.01971347
2179  -14.06330303
2180  -14.08914749
2181  -14.18257766
2182  -14.32123302
2183  -14.39224123
2184  -14.32502171
2185  -14.17804952
2186  -14.06891244
2187  -14.03409703
2188  -13.99629755
2189  -13.88029816
2190  -13.72844493
2191  -13.66230591
2192  -13.74116432
2193  -13.89125954
2194  -13.99958382
2195  -14.03946655
2196  -14.08312333
2197  -14.19496011
2198  -14.33189945
2199  -14.37860478
2200  -14.28774625
2201  -14.13632182
2202  -14.03627531
2203  -14.00192361
2204  -13.94621444
2205  -13.80863288
2206  -13.64177951
2207  -13.55406582
2208  -13.58759342
2209  -13.6738824
2210  -13.72317298
2211  -13.73458189
2212  -13.79289734
2213  -13.95291785
2214  -14.15647129
2215  -14.29103446
2216  -14.31744574
2217  -14.29972682
2218  -14.30596756
2219  -14.32007317
2220  -14.26731358
2221  -14.11254461
2222  -13.91670247
2223  -13.78850298
2224  -13.76665783
2225  -13.78235393
2226  -13.7752948
2227  -13.7730893
2228  -13.84218485
2229  -13.9937355
2230  -14.16526114
2231  -14.27544098
2232  -14.30014967
2233  -14.287368
2234  -14.28967375
2235  -14.28848329
2236  -14.219575
2237  -14.07069822
2238  -13.90358946
2239  -13.78158736
2240  -13.71565581
2241  -13.6691866
2242  -13.61204798
2243  -13.56103929
2244  -13.57634058
2245  -13.68425832
2246  -13.83625869
2247  -13.96998711
2248  -14.07714413
2249  -14.18470969
2250  -14.30190759
2251  -14.4014337
2252  -14.4359719
2253  -14.37837412
2254  -14.25435379
2255  -14.12285135
2256  -14.01125681
2257  -13.90153533
2258  -13.78869307
2259  -13.70333177
2260  -13.68482344
2261  -13.74875017
2262  -13.87397729
2263  -14.01025406
2264  -14.11873555
2265  -14.2026949
2266  -14.27999388
2267  -14.33929344
2268  -14.34612724
2269  -14.28192833
2270  -14.16090097
2271  -14.02371912
2272  -13.91056841
2273  -13.82414985
2274  -13.73685258
2275  -13.64086544
2276  -13.57503536
2277  -13.57873498
2278  -13.64587849
2279  -13.73894432
2280  -13.82433974
2281  -13.89850907
2282  -13.99559169
2283  -14.13424361
2284  -14.27387099
2285  -14.35020436
2286  -14.3476573
2287  -14.30697537
2288  -14.26759576
2289  -14.22274203
2290  -14.13525691
2291  -13.98701094
2292  -13.82370978
2293  -13.72934688
2294  -13.73705539
2295  -13.79656304
2296  -13.84928044
2297  -13.89662438
2298  -13.98532592
2299  -14.13038666
2300  -14.27887917
2301  -14.35116168
2302  -14.31797105
2303  -14.23646966
2304  -14.17994455
2305  -14.14434067
2306  -14.06195906
2307  -13.90583359
2308  -13.73669352
2309  -13.6405829
2310  -13.63561349
2311  -13.66108314
2312  -13.65152886
2313  -13.62551821
2314  -13.66782668
2315  -13.81681495
2316  -14.00379593
2317  -14.12703946
2318  -14.16945225
2319  -14.20441648
2320  -14.29053531
2321  -14.38690864
2322  -14.3943053
2323  -14.27428653
2324  -14.10148042
2325  -13.98590671
2326  -13.94689132
2327  -13.90398673
2328  -13.80179545
2329  -13.70085642
2330  -13.71108322
2331  -13.85535985
2332  -14.03620174
2333  -14.14603276
2334  -14.17590062
2335  -14.20801884
2336  -14.29521558
2337  -14.3779272
2338  -14.34608266
2339  -14.18159526
2340  -13.9943636
2341  -13.88948005
2342  -13.85095369
2343  -13.78658715
2344  -13.65972161
2345  -13.54065199
2346  -13.5320454
2347  -13.64631265
2348  -13.78311898
2349  -13.84829777
2350  -13.87168876
2351  -13.95713766
2352  -14.13115328
2353  -14.29778741
2354  -14.35591328
2355  -14.305829
2356  -14.23605891
2357  -14.21714972
2358  -14.21450558
2359  -14.13149377
2360  -13.94779756
2361  -13.77172459
2362  -13.71638905
2363  -13.76914973
2364  -13.83262533
2365  -13.85676099
2366  -13.88538311
2367  -13.99030476
2368  -14.17200536
2369  -14.32931699
2370  -14.35938689
2371  -14.27943358
2372  -14.19917446
2373  -14.17105866
2374  -14.13214202
2375  -14.01101465
2376  -13.82788784
2377  -13.67548569
2378  -13.62446371
2379  -13.65107929
2380  -13.66694592
2381  -13.63339229
2382  -13.62385247
2383  -13.72461567
2384  -13.90942984
2385  -14.07403121
2386  -14.16044525
2387  -14.2027836
2388  -14.26357699
2389  -14.3493481
2390  -14.38827952
2391  -14.3076088
2392  -14.1340262
2393  -13.97870914
2394  -13.90560287
2395  -13.87157553
2396  -13.81546568
2397  -13.74812673
2398  -13.73767852
2399  -13.82735684
2400  -13.97864909
2401  -14.09988167
2402  -14.1425588
2403  -14.15009581
2404  -14.19129693
2405  -14.25443134
2406  -14.26426378
2407  -14.18344466
2408  -14.05748321
2409  -13.95684434
2410  -13.90326424
2411  -13.85471893
2412  -13.76148483
2413  -13.63913395
2414  -13.56352553
2415  -13.58136863
2416  -13.65642469
2417  -13.72661098
2418  -13.78261579
2419  -13.8668214
2420  -14.00985703
2421  -14.183188
2422  -14.31595589
2423  -14.36019235
2424  -14.33823938
2425  -14.30271231
2426  -14.2645387
2427  -14.18639402
2428  -14.04799247
2429  -13.88796718
2430  -13.77062264
2431  -13.73207467
2432  -13.75708331
2433  -13.80382373
2434  -13.85419295
2435  -13.92778194
2436  -14.04364801
2437  -14.1752572
2438  -14.26668989
2439  -14.29035391
2440  -14.26225898
2441  -14.21254723
2442  -14.15327562
2443  -14.07173032
2444  -13.9535937
2445  -13.81289049
2446  -13.69162845
2447  -13.62096077
2448  -13.59432096
2449  -13.58890187
2450  -13.60116537
2451  -13.64386877
2452  -13.72954163
2453  -13.854248
2454  -13.99543288
2455  -14.12198459
2456  -14.2168007
2457  -14.28642129
2458  -14.33896052
2459  -14.35713776
2460  -14.3168047
2461  -14.2176956
2462  -14.07815343
2463  -13.93530056
2464  -13.82720894
2465  -13.7632312
2466  -13.72889871
2467  -13.72481341
2468  -13.77930779
2469  -13.90247113
2470  -14.06167726
2471  -14.20387527
2472  -14.28950378
2473  -14.31094857
2474  -14.29946545
2475  -14.27894395
2476  -14.22383995
2477  -14.10256775
2478  -13.93645615
2479  -13.7881177
2480  -13.69963215
2481  -13.65727353
2482  -13.62592991
2483  -13.58539679
2484  -13.56337799
2485  -13.61642339
2486  -13.74616897
2487  -13.87929481
2488  -13.96790872
2489  -14.03763947
2490  -14.13176252
2491  -14.25235093
2492  -14.34434034
2493  -14.35394354
2494  -14.27625224
2495  -14.17110138
2496  -14.09683334
2497  -14.03823224
2498  -13.9373235
2499  -13.80222078
2500  -13.71202617
2501  -13.72359127
2502  -13.8194426
2503  -13.93399951
2504  -14.01272268
2505  -14.06810737
2506  -14.15522158
2507  -14.2745966
2508  -14.34506681
2509  -14.3017315
2510  -14.17941792
2511  -14.06270727
2512  -13.98911271
2513  -13.92603782
2514  -13.82263555
2515  -13.68110405
2516  -13.57303976
2517  -13.56760277
2518  -13.63782114
2519  -13.69635983
2520  -13.71463752
2521  -13.75222904
2522  -13.86501984
2523  -14.03184339
2524  -14.17218597
2525  -14.22722385
2526  -14.22346843
2527  -14.2362404
2528  -14.28136477
2529  -14.28850802
2530  -14.19371146
2531  -14.03340678
2532  -13.90614454
2533  -13.85988248
2534  -13.85299526
2535  -13.82443743
2536  -13.77879713
2537  -13.78943142
2538  -13.90666561
2539  -14.08118873
2540  -14.20699116
2541  -14.24175491
2542  -14.24294546
2543  -14.27135627
2544  -14.305127
2545  -14.26904178
2546  -14.12943503
2547  -13.94531599
2548  -13.80722076
2549  -13.74542476
2550  -13.70499702
2551  -13.62700966
2552  -13.53972453
2553  -13.53417767
2554  -13.64589923
2555  -13.80630115
2556  -13.92721612
2557  -13.99869353
2558  -14.07758864
2559  -14.20350594
2560  -14.33551565
2561  -14.38757008
2562  -14.32161164
2563  -14.19920696
2564  -14.11170753
2565  -14.06516567
2566  -13.99241003
2567  -13.86718029
2568  -13.74949543
2569  -13.71679826
2570  -13.78632581
2571  -13.89948065
2572  -13.98290707
2573  -14.02835844
2574  -14.09721232
2575  -14.21931403
2576  -14.32757428
2577  -14.34332848
2578  -14.26738969
2579  -14.16261447
2580  -14.08021348
2581  -14.01562678
2582  -13.92124474
2583  -13.77155482
2584  -13.61824003
2585  -13.54388485
2586  -13.55733165
2587  -13.59420424
2588  -13.61938112
2589  -13.66472673
2590  -13.76966134
2591  -13.93562255
2592  -14.11493176
2593  -14.24248504
2594  -14.29527449
2595  -14.31370525
2596  -14.33224499
2597  -14.31880828
2598  -14.22962766
2599  -14.08147884
2600  -13.93254345
2601  -13.82937608
2602  -13.78744036
2603  -13.78598908
2604  -13.79556608
2605  -13.82421567
2606  -13.90898637
2607  -14.04365022
2608  -14.16760153
2609  -14.23950022
2610  -14.26780295
2611  -14.27300949
2612  -14.26171126
2613  -14.23048807
2614  -14.15744452
2615  -14.03319319
2616  -13.89530525
2617  -13.79177631
2618  -13.72233445
2619  -13.66095185
2620  -13.61086259
2621  -13.59358442
2622  -13.62203712
2623  -13.6982872
2624  -13.80642076
2625  -13.91412116
2626  -14.00453668
2627  -14.09283769
2628  -14.18837193
2629  -14.26753862
2630  -14.30521099
2631  -14.29624186
2632  -14.2452877
2633  -14.16788669
2634  -14.08174349
2635  -13.99071934
2636  -13.89010288
2637  -13.79778536
2638  -13.75166388
2639  -13.77163362
2640  -13.84337477
2641  -13.94445583
2642  -14.05460843
2643  -14.15710566
2644  -14.24559006
2645  -14.3122745
2646  -14.33410454
2647  -14.29046494
2648  -14.1914482
2649  -14.06987082
2650  -13.95176939
2651  -13.84373436
2652  -13.74463834
2653  -13.65509317
2654  -13.59135408
2655  -13.57750573
2656  -13.61791702
2657  -13.68603338
2658  -13.75525225
2659  -13.82980782
2660  -13.9298768
2661  -14.05476026
2662  -14.17717931
2663  -14.26307154
2664  -14.29627944
2665  -14.28977993
2666  -14.26575628
2667  -14.22336381
2668  -14.13693348
2669  -13.99996269
2670  -13.85638172
2671  -13.76472588
2672  -13.74551805
2673  -13.7780682
2674  -13.83508047
2675  -13.91067953
2676  -14.0193673
2677  -14.16503648
2678  -14.30579752
2679  -14.37631928
2680  -14.35511128
2681  -14.2834
2682  -14.20563368
2683  -14.12164991
2684  -14.00716758
2685  -13.85872708
2686  -13.70995285
2687  -13.61406649
2688  -13.59501442
2689  -13.61568741
2690  -13.62590591
2691  -13.63558185
2692  -13.69682512
2693  -13.82152507
2694  -13.96513971
2695  -14.07897193
2696  -14.14778513
2697  -14.19515299
2698  -14.25328099
2699  -14.30791316
2700  -14.29827223
2701  -14.20080736
2702  -14.07060437
2703  -13.97129772
2704  -13.9079059
2705  -13.85272794
2706  -13.79450114
2707  -13.75572246
2708  -13.7817626
2709  -13.89376133
2710  -14.04263583
2711  -14.15201228
2712  -14.20958209
2713  -14.25774541
2714  -14.30884969
2715  -14.32546533
2716  -14.27222656
2717  -14.1507045
2718  -14.00201835
2719  -13.88295136
2720  -13.80799808
2721  -13.73408308
2722  -13.63745649
2723  -13.56522884
2724  -13.5715033
2725  -13.64679567
2726  -13.74443716
2727  -13.83239406
2728  -13.91032631
2729  -14.00508737
2730  -14.13195088
2731  -14.25110243
2732  -14.29855366
2733  -14.27042828
2734  -14.22199179
2735  -14.18334152
2736  -14.13351238
2737  -14.0483776
2738  -13.93568699
2739  -13.83595455
2740  -13.79790255
2741  -13.8289139
2742  -13.88007267
2743  -13.91251387
2744  -13.95129793
2745  -14.03522715
2746  -14.14821101
2747  -14.23786054
2748  -14.26942691
2749  -14.24769808
2750  -14.20445626
2751  -14.16236707
2752  -14.10475187
2753  -13.99715129
2754  -13.84803001
2755  -13.71592624
2756  -13.63990062
2757  -13.60550096
2758  -13.58393483
2759  -13.57446667
2760  -13.60309298
2761  -13.69384933
2762  -13.83667518
2763  -13.98404983
2764  -14.09385439
2765  -14.17271751
2766  -14.25011551
2767  -14.31722918
2768  -14.3303916
2769  -14.2658952
2770  -14.14836525
2771  -14.02805775
2772  -13.93599785
2773  -13.86674211
2774  -13.80211683
2775  -13.75073364
2776  -13.75221567
2777  -13.82992874
2778  -13.95174078
2779  -14.06342519
2780  -14.14332168
2781  -14.20794793
2782  -14.27120551
2783  -14.31507901
2784  -14.30643969
2785  -14.22904061
2786  -14.1039538
2787  -13.97818183
2788  -13.87605697
2789  -13.7782291
2790  -13.66916414
2791  -13.57371784
2792  -13.5335229
2793  -13.56154603
2794  -13.63383359
2795  -13.71899799
2796  -13.80462058
2797  -13.90570617
2798  -14.03659676
2799  -14.17101633
2800  -14.26087429
2801  -14.28957123
2802  -14.28017027
2803  -14.25250518
2804  -14.2009378
2805  -14.11435175
2806  -13.99417778
2807  -13.86636091
2808  -13.77620888
2809  -13.75295113
2810  -13.77819447
2811  -13.82174144
2812  -13.8861026
2813  -13.98484966
2814  -14.10715817
2815  -14.22020689
2816  -14.29112946
2817  -14.30005498
2818  -14.25721265
2819  -14.19480181
2820  -14.12268996
2821  -14.01927671
2822  -13.88603968
2823  -13.75395025
2824  -13.65238889
2825  -13.59263973
2826  -13.57364903
2827  -13.58098224
2828  -13.60171449
2829  -13.64984394
2830  -13.74326844
2831  -13.86509624
2832  -13.98205657
2833  -14.08373949
2834  -14.16902774
2835  -14.22952789
2836  -14.26134843
2837  -14.26285573
2838  -14.22166501
2839  -14.13243911
2840  -14.02262314
2841  -13.92243299
2842  -13.84077884
2843  -13.78738312
2844  -13.77429366
2845  -13.80233677
2846  -13.86854149
2847  -13.97396238
2848  -14.09892743
2849  -14.20129189
2850  -14.25968887
2851  -14.28111607
2852  -14.27194957
2853  -14.22986452
2854  -14.15899201
2855  -14.06091447
2856  -13.93891047
2857  -13.82269698
2858  -13.74031672
2859  -13.68188368
2860  -13.62737537
2861  -13.58608367
2862  -13.58249148
2863  -13.62815027
2864  -13.71505086
2865  -13.82427702
2866  -13.93127582
2867  -14.03118761
2868  -14.13918246
2869  -14.24527524
2870  -14.30693518
2871  -14.30021039
2872  -14.23836197
2873  -14.15020839
2874  -14.0570512
2875  -13.96547534
2876  -13.87082222
2877  -13.78008841
2878  -13.72790975
2879  -13.74640847
2880  -13.82508087
2881  -13.9208364
2882  -14.00962031
2883  -14.09461649
2884  -14.18274354
2885  -14.26652954
2886  -14.31314598
2887  -14.29088283
2888  -14.20708147
2889  -14.10471059
2890  -14.01324468
2891  -13.9190837
2892  -13.80058634
2893  -13.67149888
2894  -13.57252762
2895  -13.53637669
2896  -13.56113453
2897  -13.61296339
2898  -13.67017321
2899  -13.7479705
2900  -13.86974256
2901  -14.02817098
2902  -14.17039335
2903  -14.24909333
2904  -14.26721924
2905  -14.26022391
2906  -14.24516859
2907  -14.19862724
2908  -14.09547757
2909  -13.95749507
2910  -13.83603231
2911  -13.77284262
2912  -13.76696485
2913  -13.78145282
2914  -13.8000148
2915  -13.85105495
2916  -13.95943523
2917  -14.09468028
2918  -14.20548102
2919  -14.26137265
2920  -14.26999485
2921  -14.25422701
2922  -14.2244101
2923  -14.16342264
2924  -14.04527145
2925  -13.89086045
2926  -13.7608986
2927  -13.68170657
2928  -13.62644797
2929  -13.57748917
2930  -13.5477461
2931  -13.56088473
2932  -13.63207656
2933  -13.74993793
2934  -13.87087355
2935  -13.96447936
2936  -14.05531475
2937  -14.16650044
2938  -14.26214397
2939  -14.29483053
2940  -14.26340165
2941  -14.18854032
2942  -14.09055509
2943  -13.99289527
2944  -13.89808338
2945  -13.79138607
2946  -13.70065239
2947  -13.68710577
2948  -13.75722859
2949  -13.85603526
2950  -13.95262038
2951  -14.05098096
2952  -14.14696187
2953  -14.22834064
2954  -14.28118574
2955  -14.27694514
2956  -14.19909909
2957  -14.09431034
2958  -14.00912853
2959  -13.92445121
2960  -13.81391731
2961  -13.70186903
2962  -13.62313408
2963  -13.58661081
2964  -13.5899609
2965  -13.61928172
2966  -13.64625113
2967  -13.68198087
2968  -13.77255706
2969  -13.91025865
2970  -14.0336337
2971  -14.11930916
2972  -14.19028798
2973  -14.2541366
2974  -14.2908616
2975  -14.27736443
2976  -14.19745777
2977  -14.06175597
2978  -13.92781895
2979  -13.84029943
2980  -13.77748265
2981  -13.720251
2982  -13.70168039
2983  -13.7563301
2984  -13.87474025
2985  -14.0177116
2986  -14.14286645
2987  -14.22160436
2988  -14.26065138
2989  -14.28645256
2990  -14.28796242
2991  -14.22795805
2992  -14.11001672
2993  -13.97903263
2994  -13.86926216
2995  -13.78335609
2996  -13.70558208
2997  -13.62601096
2998  -13.55930855
2999  -13.54036664
3000  -13.58163628
3001  -13.65517017
3002  -13.73391185
3003  -13.82384937
3004  -13.93915449
3005  -14.07394899
3006  -14.19672737
3007  -14.27244825
3008  -14.287984
3009  -14.25754702
3010  -14.19561817
3011  -14.10189719
3012  -13.97805956
3013  -13.84600358
3014  -13.74038194
3015  -13.68908063
3016  -13.69969773
3017  -13.75869846
3018  -13.84884562
3019  -13.96348202
3020  -14.09131737
3021  -14.20534862
3022  -14.28268749
3023  -14.31398164
3024  -14.29756353
3025  -14.24111827
3026  -14.15807494
3027  -14.05419993
3028  -13.93305347
3029  -13.81254995
3030  -13.71448925
3031  -13.63832407
3032  -13.58317517
3033  -13.56463042
3034  -13.58968437
3035  -13.65199612
3036  -13.74621699
3037  -13.86413568
3038  -13.987933
3039  -14.10378603
3040  -14.20794231
3041  -14.28003513
3042  -14.29249152
3043  -14.25308845
3044  -14.18724148
3045  -14.10156161
3046  -13.99732126
3047  -13.88796983
3048  -13.79288745
3049  -13.73331204
3050  -13.73151234
3051  -13.78574992
3052  -13.86025331
3053  -13.93584491
3054  -14.02888192
3055  -14.13970639
3056  -14.23807927
3057  -14.29367843
3058  -14.29098807
3059  -14.2386407
3060  -14.16705997
3061  -14.09895981
3062  -14.01210265
3063  -13.88046443
3064  -13.73408789
3065  -13.62622874
3066  -13.5717849
3067  -13.55688213
3068  -13.56554174
3069  -13.5917263
3070  -13.65437155
3071  -13.78040145
3072  -13.9463987
3073  -14.0825061
3074  -14.15929141
3075  -14.20627732
3076  -14.24333938
3077  -14.25565228
3078  -14.22190493
3079  -14.13018103
3080  -13.99754524
3081  -13.88152669
3082  -13.82742871
3083  -13.80502654
3084  -13.77124094
3085  -13.74790108
3086  -13.782218
3087  -13.87754433
3088  -13.99934885
3089  -14.10525451
3090  -14.1658851
3091  -14.19511522
3092  -14.2338559
3093  -14.27101274
3094  -14.24401986
3095  -14.13880056
3096  -14.01071677
3097  -13.90467517
3098  -13.82243663
3099  -13.74676813
3100  -13.66145859
3101  -13.5760212
3102  -13.53911081
3103  -13.58406064
3104  -13.6697972
3105  -13.74528646
3106  -13.82181915
3107  -13.93401638
3108  -14.07837032
3109  -14.21759036
3110  -14.30751314
3111  -14.32045614
3112  -14.27372383
3113  -14.21095798
3114  -14.13615911
3115  -14.01564171
3116  -13.85681528
3117  -13.72497268
3118  -13.67229354
3119  -13.69771273
3120  -13.77034636
3121  -13.85811325
3122  -13.95262964
3123  -14.07186939
3124  -14.20834114
3125  -14.30789655
3126  -14.32831886
3127  -14.2840415
3128  -14.21644949
3129  -14.14460199
3130  -14.0563114
3131  -13.93686118
3132  -13.79985437
3133  -13.68526256
3134  -13.62172105
3135  -13.59519834
3136  -13.58095172
3137  -13.57832218
3138  -13.61050398
3139  -13.69703777
3140  -13.82357323
3141  -13.95225337
3142  -14.06080527
3143  -14.15631488
3144  -14.24841473
3145  -14.31199285
3146  -14.31134529
3147  -14.23742509
3148  -14.11359053
3149  -13.98073278
3150  -13.86661949
3151  -13.77207406
3152  -13.69751317
3153  -13.66745419
3154  -13.71689264
3155  -13.83389546
3156  -13.97388134
3157  -14.10115961
3158  -14.19903175
3159  -14.26904886
3160  -14.31895174
3161  -14.33418185
3162  -14.2867934
3163  -14.18119895
3164  -14.06298958
3165  -13.96256699
3166  -13.86403695
3167  -13.75829554
3168  -13.66120192
3169  -13.589713
3170  -13.56270748
3171  -13.58795153
3172  -13.63946667
3173  -13.6925396
3174  -13.7643402
3175  -13.87882397
3176  -14.01286142
3177  -14.12159452
3178  -14.19305228
3179  -14.23145008
3180  -14.23895549
3181  -14.22403609
3182  -14.18091402
3183  -14.08599909
3184  -13.9517142
3185  -13.83544206
3186  -13.76724245
3187  -13.73047484
3188  -13.7213845
3189  -13.7561148
3190  -13.83629898
3191  -13.95510556
3192  -14.09699106
3193  -14.2189163
3194  -14.28220258
3195  -14.29994392
3196  -14.29849844
3197  -14.26304077
3198  -14.1741673
3199  -14.05081165
3200  -13.9227922
3201  -13.8064636
3202  -13.71737974
3203  -13.65461422
3204  -13.60083557
3205  -13.56474916
3206  -13.58086744
3207  -13.64690698
3208  -13.73022084
3209  -13.82257317
3210  -13.93378045
3211  -14.04926404
3212  -14.1533832
3213  -14.23563654
3214  -14.27229064
3215  -14.24578632
3216  -14.1808746
3217  -14.10196832
3218  -13.99946405
3219  -13.8778035
3220  -13.76990791
3221  -13.70479222
3222  -13.69012035
3223  -13.72555165
3224  -13.80142368
3225  -13.9006736
3226  -14.01734671
3227  -14.14644408
3228  -14.25420848
3229  -14.30634304
3230  -14.30974126
3231  -14.28226763
3232  -14.22476305
3233  -14.12997592
3234  -14.00587059
3235  -13.86798812
3236  -13.73873165
3237  -13.64718563
3238  -13.59614132
3239  -13.56491471
3240  -13.55220651
3241  -13.58432506
3242  -13.67634431
3243  -13.80922213
3244  -13.94541086
3245  -14.06007276
3246  -14.14786969
3247  -14.22392816
3248  -14.28484647
3249  -14.29138101
3250  -14.21933705
3251  -14.0927886
3252  -13.96373259
3253  -13.86401553
3254  -13.78839121
3255  -13.7237666
3256  -13.67846117
3257  -13.68750925
3258  -13.77254672
3259  -13.90795169
3260  -14.04017046
3261  -14.13985934
3262  -14.21090457
3263  -14.2684171
3264  -14.30467004
3265  -14.28972329
3266  -14.20831358
3267  -14.08276261
3268  -13.95947334
3269  -13.86544978
3270  -13.78397532
3271  -13.69506854
3272  -13.60926997
3273  -13.56183523
3274  -13.57846725
3275  -13.63993625
3276  -13.70556773
3277  -13.76395786
3278  -13.84093665
3279  -13.95742432
3280  -14.08985832
3281  -14.19691307
3282  -14.25379552
3283  -14.26102379
3284  -14.24040445
3285  -14.19818973
3286  -14.11154511
3287  -13.97185312
3288  -13.82038692
3289  -13.71244872
3290  -13.67552391
3291  -13.69914012
3292  -13.76000931
3293  -13.84313433
3294  -13.95155525
3295  -14.08735073
3296  -14.21619201
3297  -14.28668007
3298  -14.28641506
3299  -14.24789907
3300  -14.1940362
3301  -14.12314483
3302  -14.02885302
3303  -13.91376898
3304  -13.79561376
3305  -13.7077972
3306  -13.66450307
3307  -13.63651307
3308  -13.60321615
3309  -13.58947669
3310  -13.6240191
3311  -13.70200721
3312  -13.80412432
3313  -13.91426983
3314  -14.01926524
3315  -14.12010077
3316  -14.22116549
3317  -14.29323689
3318  -14.29121366
3319  -14.21703291
3320  -14.11353273
3321  -14.00257742
3322  -13.88508262
3323  -13.77350347
3324  -13.68861641
3325  -13.65139466
3326  -13.68463807
3327  -13.78679262
3328  -13.91232094
3329  -14.01931421
3330  -14.11878616
3331  -14.22254338
3332  -14.29802788
3333  -14.31877289
3334  -14.28606169
3335  -14.21060081
3336  -14.11012314
3337  -14.00664153
3338  -13.90034489
3339  -13.7704484
3340  -13.63574575
3341  -13.54723661
3342  -13.51523164
3343  -13.51774681
3344  -13.55214926
3345  -13.62662735
3346  -13.73769532
3347  -13.87816601
3348  -14.03292373
3349  -14.16388191
3350  -14.24097827
3351  -14.27967304
3352  -14.2929031
3353  -14.25552856
3354  -14.1554463
3355  -14.02016278
3356  -13.88364257
3357  -13.76638185
3358  -13.68321478
3359  -13.64267457
3360  -13.64136573
3361  -13.6887934
3362  -13.80302177
3363  -13.95782529
3364  -14.09881342
3365  -14.20514528
3366  -14.28426001
3367  -14.33418764
3368  -14.33657121
3369  -14.27906605
3370  -14.16441426
3371  -14.01396272
3372  -13.8695036
3373  -13.75400414
3374  -13.65307089
3375  -13.56070521
3376  -13.50584915
3377  -13.51775631
3378  -13.58929687
3379  -13.68684662
3380  -13.78352046
3381  -13.87489552
3382  -13.97310502
3383  -14.08341206
3384  -14.17626049
3385  -14.21464317
3386  -14.20034768
3387  -14.16798158
3388  -14.13554359
3389  -14.0843692
3390  -13.98984467
3391  -13.86273888
3392  -13.75146184
3393  -13.69664093
3394  -13.69636893
3395  -13.72221695
3396  -13.76260002
3397  -13.83767666
3398  -13.9669389
3399  -14.1236704
3400  -14.24682286
3401  -14.2962333
3402  -14.28843175
3403  -14.26271178
3404  -14.2234195
3405  -14.14195067
3406  -14.00546466
3407  -13.84317082
3408  -13.71112563
3409  -13.64076971
3410  -13.61091626
3411  -13.58380994
3412  -13.56399323
3413  -13.59551442
3414  -13.69622779
3415  -13.83091645
3416  -13.95220767
3417  -14.03972722
3418  -14.11242517
3419  -14.19457558
3420  -14.27008887
3421  -14.28566909
3422  -14.21671768
3423  -14.10272673
3424  -14.00034971
3425  -13.91863732
3426  -13.83394173
3427  -13.73881042
3428  -13.66211046
3429  -13.65271002
3430  -13.72780362
3431  -13.84494505
3432  -13.94779409
3433  -14.03234239
3434  -14.13378051
3435  -14.24935982
3436  -14.32945653
3437  -14.33244021
3438  -14.25768113
3439  -14.14384032
3440  -14.03590581
3441  -13.93810848
3442  -13.81558005
3443  -13.66554768
3444  -13.54783761
3445  -13.51215358
3446  -13.54242951
3447  -13.59883237
3448  -13.66184602
3449  -13.74008673
3450  -13.85809119
3451  -14.01463975
3452  -14.15879412
3453  -14.23578158
3454  -14.25541373
3455  -14.2630906
3456  -14.25796942
3457  -14.20194727
3458  -14.08248116
3459  -13.92553851
3460  -13.78050157
3461  -13.69420049
3462  -13.66833664
3463  -13.66735688
3464  -13.68300292
3465  -13.75585905
3466  -13.90031936
3467  -14.06581242
3468  -14.19839173
3469  -14.27801273
3470  -14.31089452
3471  -14.31509688
3472  -14.29518576
3473  -14.22464975
3474  -14.08426556
3475  -13.91270287
3476  -13.77614885
3477  -13.6864542
3478  -13.61412819
3479  -13.55286722
3480  -13.52387465
3481  -13.55000268
3482  -13.63854561
3483  -13.76348252
3484  -13.87606315
3485  -13.96178529
3486  -14.0548597
3487  -14.16868637
3488  -14.25859502
3489  -14.2834123
3490  -14.24796757
3491  -14.17743592
3492  -14.09364018
3493  -14.00444453
3494  -13.89566702
3495  -13.76851018
3496  -13.66772579
3497  -13.6471695
3498  -13.70357778
3499  -13.79027871
3500  -13.88296548
3501  -13.98938516
3502  -14.11106666
3503  -14.22905498
3504  -14.31145081
3505  -14.32574858
3506  -14.2758799
3507  -14.19954762
3508  -14.12070752
3509  -14.02409348
3510  -13.89261075
3511  -13.75076739
3512  -13.63828992
3513  -13.57396584
3514  -13.55267406
3515  -13.55939771
3516  -13.58870569
3517  -13.65349438
3518  -13.76509115
3519  -13.90368999
3520  -14.02804334
3521  -14.11757814
3522  -14.18416881
3523  -14.23353073
3524  -14.25302242
3525  -14.22466699
3526  -14.1437641
3527  -14.03134237
3528  -13.91733687
3529  -13.81842543
3530  -13.73697726
3531  -13.67034376
3532  -13.6385167
3533  -13.66979546
3534  -13.76011461
3535  -13.88028071
3536  -14.00329775
3537  -14.12016207
3538  -14.2253302
3539  -14.30401601
3540  -14.33985213
3541  -14.31689974
3542  -14.23366003
3543  -14.1141937
3544  -13.98326572
3545  -13.84444798
3546  -13.70304051
3547  -13.58575246
3548  -13.51703584
3549  -13.50275871
3550  -13.53235123
3551  -13.6034975
3552  -13.70882369
3553  -13.83512421
3554  -13.97246097
3555  -14.09924757
3556  -14.19073215
3557  -14.24242254
3558  -14.26924577
3559  -14.266179
3560  -14.20891649
3561  -14.09853463
3562  -13.96869685
3563  -13.84956026
3564  -13.75407862
3565  -13.68597647
3566  -13.64177754
3567  -13.63393572
3568  -13.69468416
3569  -13.83029181
3570  -13.99129228
3571  -14.12327453
3572  -14.21947597
3573  -14.29869541
3574  -14.35816742
3575  -14.37105611
3576  -14.30626445
3577  -14.16223753
3578  -13.99127037
3579  -13.8559692
3580  -13.75890078
3581  -13.659796
3582  -13.55569147
3583  -13.49614804
3584  -13.52304455
3585  -13.621158
3586  -13.74144654
3587  -13.83909185
3588  -13.9168397
3589  -14.01853057
3590  -14.15221973
3591  -14.25407328
3592  -14.26481741
3593  -14.20284251
3594  -14.13013829
3595  -14.0768605
3596  -14.01944674
3597  -13.91793303
3598  -13.77712122
3599  -13.6628854
3600  -13.6422841
3601  -13.6978607
3602  -13.76122464
3603  -13.80418014
3604  -13.86645225
3605  -13.98846631
3606  -14.14618777
3607  -14.26828777
3608  -14.30036283
3609  -14.25765653
3610  -14.20563054
3611  -14.17227665
3612  -14.11321399
3613  -13.98268014
3614  -13.8086691
3615  -13.66795995
3616  -13.60613994
3617  -13.60112066
3618  -13.60024077
3619  -13.58656378
3620  -13.6096149
3621  -13.71452982
3622  -13.87381752
3623  -14.0165342
3624  -14.10221748
3625  -14.15505685
3626  -14.20971621
3627  -14.26344258
3628  -14.27353305
3629  -14.20279249
3630  -14.06935741
3631  -13.93787937
3632  -13.84652007
3633  -13.7802827
3634  -13.71580404
3635  -13.66705912
3636  -13.67244861
3637  -13.74857253
3638  -13.87177818
3639  -13.99815558
3640  -14.09705443
3641  -14.17743567
3642  -14.2589857
3643  -14.323955
3644  -14.33086945
3645  -14.26662579
3646  -14.15918732
3647  -14.03774115
3648  -13.91196841
3649  -13.77905422
3650  -13.6444887
3651  -13.5354126
3652  -13.49113842
3653  -13.51802607
3654  -13.58797383
3655  -13.67571656
3656  -13.78591294
3657  -13.92453793
3658  -14.06909799
3659  -14.18402741
3660  -14.25077026
3661  -14.27202173
3662  -14.25959008
3663  -14.21836039
3664  -14.13898851
3665  -14.0170966
3666  -13.87478644
3667  -13.75361313
3668  -13.67601967
3669  -13.6356007
3670  -13.62798004
3671  -13.66589453
3672  -13.75724011
3673  -13.89313427
3674  -14.0463982
3675  -14.18291933
3676  -14.27713622
3677  -14.33215106
3678  -14.35356703
3679  -14.32415397
3680  -14.22605906
3681  -14.07635311
3682  -13.91607783
3683  -13.7714668
3684  -13.6499219
3685  -13.55591581
3686  -13.49902813
3687  -13.49193037
3688  -13.5497084
3689  -13.66319576
3690  -13.78980163
3691  -13.90059078
3692  -14.00894365
3693  -14.12384242
3694  -14.21737431
3695  -14.26572582
3696  -14.2656977
3697  -14.22384567
3698  -14.14913634
3699  -14.05683516
3700  -13.95487575
3701  -13.83535937
3702  -13.71947844
3703  -13.65309788
3704  -13.64309646
3705  -13.6742038
3706  -13.74367891
3707  -13.85333536
3708  -13.98603016
3709  -14.11721157
3710  -14.23098704
3711  -14.30618592
3712  -14.32224015
3713  -14.29434883
3714  -14.23670589
3715  -14.13335659
3716  -13.98779859
3717  -13.83641203
3718  -13.71195984
3719  -13.61767401
3720  -13.5513057
3721  -13.52242867
3722  -13.53525337
3723  -13.59334287
3724  -13.69916189
3725  -13.82356819
3726  -13.92975279
3727  -14.02058113
3728  -14.11860119
3729  -14.21324618
3730  -14.26499392
3731  -14.2540275
3732  -14.19727952
3733  -14.11637339
3734  -14.02730178
3735  -13.92936715
3736  -13.80570298
3737  -13.67354549
3738  -13.5931519
3739  -13.60549152
3740  -13.68619221
3741  -13.78391834
3742  -13.88486014
3743  -14.00767741
3744  -14.15635995
3745  -14.2970013
3746  -14.37124695
3747  -14.3474422
3748  -14.26088371
3749  -14.17449909
3750  -14.1023499
3751  -13.9996486
3752  -13.83838556
3753  -13.66808784
3754  -13.56403692
3755  -13.54395335
3756  -13.5631624
3757  -13.57648802
3758  -13.59223926
3759  -13.66601975
3760  -13.82616877
3761  -14.0202423
3762  -14.15967137
3763  -14.21570541
3764  -14.24365993
3765  -14.28586134
3766  -14.30653225
3767  -14.24149006
3768  -14.07780678
3769  -13.87981299
3770  -13.73651527
3771  -13.67828293
3772  -13.65618439
3773  -13.61690249
3774  -13.59006801
3775  -13.65714243
3776  -13.82888893
3777  -14.01977136
3778  -14.14551373
3779  -14.19931459
3780  -14.23561475
3781  -14.29335244
3782  -14.33775684
3783  -14.29156212
3784  -14.13555743
3785  -13.951038
3786  -13.82513526
3787  -13.7494518
3788  -13.662136
3789  -13.54658854
3790  -13.45727168
3791  -13.46459861
3792  -13.5772258
3793  -13.72632732
3794  -13.839482
3795  -13.92335806
3796  -14.04082493
3797  -14.19864098
3798  -14.32167484
3799  -14.34197617
3800  -14.26545868
3801  -14.15592503
3802  -14.06563062
3803  -13.98371089
3804  -13.86318775
3805  -13.7055654
3806  -13.58698348
3807  -13.57519206
3808  -13.65012883
3809  -13.74568822
3810  -13.8272626
3811  -13.91309177
3812  -14.03626076
3813  -14.18609526
3814  -14.29863497
3815  -14.32075915
3816  -14.27151819
3817  -14.21047496
3818  -14.15606911
3819  -14.07520095
3820  -13.94285836
3821  -13.78099863
3822  -13.64703676
3823  -13.58275533
3824  -13.57265834
3825  -13.57342364
3826  -13.58108553
3827  -13.635275
3828  -13.75129715
3829  -13.89637576
3830  -14.02783634
3831  -14.12560539
3832  -14.19730583
3833  -14.25971038
3834  -14.30213371
3835  -14.28447204
3836  -14.19088552
3837  -14.05989097
3838  -13.93359114
3839  -13.81509496
3840  -13.70442209
3841  -13.62124744
3842  -13.58943163
3843  -13.62866513
3844  -13.73755857
3845  -13.87827304
3846  -14.00621496
3847  -14.11599102
3848  -14.22297011
3849  -14.30591704
3850  -14.32800801
3851  -14.28842885
3852  -14.21118529
3853  -14.11384404
3854  -14.00668295
3855  -13.8908382
3856  -13.76067041
3857  -13.6333919
3858  -13.55161339
3859  -13.52944323
3860  -13.53986902
3861  -13.56950049
3862  -13.64117917
3863  -13.76695928
3864  -13.92478991
3865  -14.08041919
3866  -14.20276856
3867  -14.27743704
3868  -14.31634949
3869  -14.32506768
3870  -14.27816727
3871  -14.15553086
3872  -13.98858724
3873  -13.8346997
3874  -13.71978932
3875  -13.63957395
3876  -13.59062549
3877  -13.58248707
3878  -13.63844955
3879  -13.76752154
3880  -13.93131217
3881  -14.07386019
3882  -14.17440408
3883  -14.252625
3884  -14.3232124
3885  -14.35516012
3886  -14.31184878
3887  -14.19577162
3888  -14.05153829
3889  -13.92301714
3890  -13.80876852
3891  -13.68518618
3892  -13.55831236
3893  -13.47353332
3894  -13.47413549
3895  -13.55308896
3896  -13.65865971
3897  -13.75714786
3898  -13.86620278
3899  -14.01496018
3900  -14.18010098
3901  -14.29324682
3902  -14.31884335
3903  -14.28003442
3904  -14.22016259
3905  -14.15833356
3906  -14.0662005
3907  -13.91584405
3908  -13.73961042
3909  -13.61978224
3910  -13.60102557
3911  -13.64168941
3912  -13.6868802
3913  -13.74180192
3914  -13.84388439
3915  -14.00285484
3916  -14.17400325
3917  -14.28333755
3918  -14.29839102
3919  -14.26734421
3920  -14.25540945
3921  -14.24623597
3922  -14.16749243
3923  -14.00816721
3924  -13.83696523
3925  -13.72220801
3926  -13.67308849
3927  -13.64133211
3928  -13.58348824
3929  -13.52958776
3930  -13.56311607
3931  -13.70788776
3932  -13.88094406
3933  -13.99671969
3934  -14.06444479
3935  -14.14699453
3936  -14.26472957
3937  -14.36106398
3938  -14.35189139
3939  -14.22324101
3940  -14.06091691
3941  -13.95471053
3942  -13.88947175
3943  -13.79006473
3944  -13.65000364
3945  -13.55083055
3946  -13.56957749
3947  -13.69780278
3948  -13.84923623
3949  -13.94869314
3950  -14.01279562
3951  -14.11458101
3952  -14.25971869
3953  -14.3607591
3954  -14.34459857
3955  -14.23587576
3956  -14.12188526
3957  -14.05489983
3958  -14.00255484
3959  -13.89314456
3960  -13.72146674
3961  -13.57913
3962  -13.54513477
3963  -13.59077157
3964  -13.63243352
3965  -13.64339948
3966  -13.68188442
3967  -13.80896875
3968  -14.00828757
3969  -14.18896719
3970  -14.27362544
3971  -14.28503882
3972  -14.29670594
3973  -14.31802291
3974  -14.27929176
3975  -14.13327972
3976  -13.92019382
3977  -13.73086423
3978  -13.63113432
3979  -13.60670803
3980  -13.5983563
3981  -13.59349806
3982  -13.65288864
3983  -13.81287039
3984  -14.01977753
3985  -14.1842468
3986  -14.26450736
3987  -14.28751385
3988  -14.30021749
3989  -14.30653416
3990  -14.25915291
3991  -14.12340655
3992  -13.94488673
3993  -13.80811855
3994  -13.73257253
3995  -13.6772115
3996  -13.6090233
3997  -13.54684348
3998  -13.5418183
3999  -13.61495774
4000  -13.73540078
4001  -13.84355263
4002  -13.92806462
4003  -14.02855815
4004  -14.16218616
4005  -14.29006432
4006  -14.35699467
4007  -14.34125315
4008  -14.25950242
4009  -14.14786019
4010  -14.02215962
4011  -13.87232073
4012  -13.70247017
4013  -13.56125797
4014  -13.50365432
4015  -13.54160323
4016  -13.64765348
4017  -13.78778933
4018  -13.94136383
4019  -14.09693419
4020  -14.23616709
4021  -14.32799377
4022  -14.34731719
4023  -14.29989332
4024  -14.21411173
4025  -14.11038816
4026  -13.99689258
4027  -13.88193963
4028  -13.77628258
4029  -13.69112796
4030  -13.6291188
4031  -13.58722122
4032  -13.56908443
4033  -13.58477198
4034  -13.64180628
4035  -13.7328855
4036  -13.8448825
4037  -13.97063807
4038  -14.10474583
4039  -14.23204043
4040  -14.32132289
4041  -14.34571294
4042  -14.2982885
4043  -14.19696043
4044  -14.06378386
4045  -13.91021691
4046  -13.75105104
4047  -13.61940419
4048  -13.55090708
4049  -13.56098377
4050  -13.63851591
4051  -13.75521636
4052  -13.87811794
4053  -13.99760144
4054  -14.120506
4055  -14.22617977
4056  -14.27708154
4057  -14.26639882
4058  -14.21945791
4059  -14.16298697
4060  -14.10031629
4061  -14.0169257
4062  -13.90009983
4063  -13.76198658
4064  -13.64665048
4065  -13.58119147
4066  -13.54493689
4067  -13.51822833
4068  -13.52455058
4069  -13.59773169
4070  -13.73844891
4071  -13.90812381
4072  -14.05786048
4073  -14.16878026
4074  -14.25005313
4075  -14.31428163
4076  -14.33583011
4077  -14.27102449
4078  -14.12790094
4079  -13.96192555
4080  -13.82039474
4081  -13.71112164
4082  -13.62240187
4083  -13.55505924
4084  -13.53872234
4085  -13.60975842
4086  -13.76106364
4087  -13.92588512
4088  -14.05374301
4089  -14.14941497
4090  -14.23924671
4091  -14.31629254
4092  -14.34000707
4093  -14.28078717
4094  -14.15763788
4095  -14.02597045
4096  -13.92352574
4097  -13.82832124
4098  -13.70441312
4099  -13.56939322
4100  -13.48504895
4101  -13.4870993
4102  -13.55157157
4103  -13.62857786
4104  -13.70148561
4105  -13.80321862
4106  -13.96469649
4107  -14.15362583
4108  -14.29344802
4109  -14.33848967
4110  -14.31400009
4111  -14.26714653
4112  -14.20359249
4113  -14.08585319
4114  -13.89448119
4115  -13.6817759
4116  -13.53625665
4117  -13.50552139
4118  -13.5546374
4119  -13.62450702
4120  -13.70453746
4121  -13.83048831
4122  -14.01454158
4123  -14.20230573
4124  -14.31083611
4125  -14.31282482
4126  -14.26102803
4127  -14.21759876
4128  -14.18271708
4129  -14.10924917
4130  -13.97430325
4131  -13.8210511
4132  -13.71434954
4133  -13.67091475
4134  -13.6447562
4135  -13.59024066
4136  -13.52957201
4137  -13.53059475
4138  -13.62591169
4139  -13.77523258
4140  -13.91446853
4141  -14.02284749
4142  -14.13055185
4143  -14.25970997
4144  -14.37118312
4145  -14.3886275
4146  -14.2847374
4147  -14.11319689
4148  -13.94703068
4149  -13.80922671
4150  -13.68359886
4151  -13.56439829
4152  -13.48998069
4153  -13.51454845
4154  -13.64744271
4155  -13.82826205
4156  -13.98116167
4157  -14.08635687
4158  -14.17023509
4159  -14.24716348
4160  -14.29518771
4161  -14.27978789
4162  -14.19540281
4163  -14.08613563
4164  -13.99932144
4165  -13.93889129
4166  -13.8646408
4167  -13.75583557
4168  -13.64121318
4169  -13.5663659
4170  -13.5477935
4171  -13.56819232
4172  -13.60184485
4173  -13.65341346
4174  -13.75428544
4175  -13.91559318
4176  -14.09752016
4177  -14.2426494
4178  -14.3235379
4179  -14.34649725
4180  -14.32199033
4181  -14.24862484
4182  -14.11614726
4183  -13.92802566
4184  -13.7246713
4185  -13.56768347
4186  -13.49565146
4187  -13.50142407
4188  -13.56366867
4189  -13.66747923
4190  -13.80977415
4191  -13.98172181
4192  -14.1507613
4193  -14.26608517
4194  -14.30097707
4195  -14.27719056
4196  -14.22921674
4197  -14.16902205
4198  -14.0858478
4199  -13.97108444
4200  -13.83596839
4201  -13.71594539
4202  -13.64029397
4203  -13.60055191
4204  -13.56694611
4205  -13.53765086
4206  -13.5451847
4207  -13.61612946
4208  -13.746043
4209  -13.9035725
4210  -14.04330097
4211  -14.15225082
4212  -14.25053647
4213  -14.34085436
4214  -14.376516
4215  -14.31109435
4216  -14.15403255
4217  -13.96117915
4218  -13.78753687
4219  -13.65795546
4220  -13.56121618
4221  -13.48747897
4222  -13.47202633
4223  -13.56405866
4224  -13.7484935
4225  -13.94709527
4226  -14.09465312
4227  -14.18420484
4228  -14.24469013
4229  -14.29391261
4230  -14.31003971
4231  -14.24734097
4232  -14.10566368
4233  -13.94977215
4234  -13.84653022
4235  -13.78306259
4236  -13.70569409
4237  -13.59799509
4238  -13.5038821
4239  -13.480537
4240  -13.54152055
4241  -13.63835955
4242  -13.71533582
4243  -13.77885047
4244  -13.88752011
4245  -14.05798959
4246  -14.22454502
4247  -14.30860223
4248  -14.29518509
4249  -14.23279051
4250  -14.16800617
4251  -14.09155052
4252  -13.95487181
4253  -13.75190373
4254  -13.55898204
4255  -13.46860803
4256  -13.4967265
4257  -13.58187622
4258  -13.66812747
4259  -13.7655601
4260  -13.91369091
4261  -14.10740567
4262  -14.27313808
4263  -14.33313707
4264  -14.28503013
4265  -14.19944977
4266  -14.13555407
4267  -14.07598896
4268  -13.96698442
4269  -13.80620337
4270  -13.65881871
4271  -13.59031653
4272  -13.59352735
4273  -13.60677375
4274  -13.59181245
4275  -13.57885546
4276  -13.62981091
4277  -13.76104619
4278  -13.91082779
4279  -14.01692499
4280  -14.08376773
4281  -14.16171458
4282  -14.26300429
4283  -14.32883543
4284  -14.29790891
4285  -14.17072776
4286  -14.00541821
4287  -13.86314441
4288  -13.75401022
4289  -13.64671346
4290  -13.54059694
4291  -13.49606857
4292  -13.56628498
4293  -13.72706271
4294  -13.9010258
4295  -14.04099502
4296  -14.14473975
4297  -14.2314997
4298  -14.30623152
4299  -14.33193472
4300  -14.26779966
4301  -14.13527647
4302  -14.00663519
4303  -13.91714286
4304  -13.83483573
4305  -13.72549581
4306  -13.60545843
4307  -13.52063208
4308  -13.50518199
4309  -13.55082047
4310  -13.61352439
4311  -13.67323341
4312  -13.76630099
4313  -13.92525402
4314  -14.11636269
4315  -14.26998625
4316  -14.34704786
4317  -14.3559163
4318  -14.32064554
4319  -14.25079492
4320  -14.12930425
4321  -13.94150404
4322  -13.7246865
4323  -13.55921354
4324  -13.49135679
4325  -13.50561726
4326  -13.56816455
4327  -13.66489112
4328  -13.79777549
4329  -13.96711334
4330  -14.14655605
4331  -14.27598716
4332  -14.318285
4333  -14.29757413
4334  -14.2559513
4335  -14.19931986
4336  -14.1088389
4337  -13.98112149
4338  -13.83497555
4339  -13.70717439
4340  -13.62808157
4341  -13.59455491
4342  -13.57775685
4343  -13.57236905
4344  -13.60514483
4345  -13.6908966
4346  -13.81488681
4347  -13.9500814
4348  -14.06988743
4349  -14.16222081
4350  -14.23584338
4351  -14.29744619
4352  -14.3231028
4353  -14.27795474
4354  -14.16326823
4355  -14.01348742
4356  -13.86254496
4357  -13.73346258
4358  -13.6329556
4359  -13.55845705
4360  -13.52616097
4361  -13.57013645
4362  -13.70084777
4363  -13.87585118
4364  -14.037949
4365  -14.16021255
4366  -14.24330611
4367  -14.29682196
4368  -14.3190684
4369  -14.28430239
4370  -14.17130874
4371  -14.00857115
4372  -13.86089934
4373  -13.76316388
4374  -13.69490429
4375  -13.62568327
4376  -13.55837478
4377  -13.52966563
4378  -13.57515571
4379  -13.68330063
4380  -13.79548501
4381  -13.86954133
4382  -13.93010262
4383  -14.03050671
4384  -14.17050589
4385  -14.28581982
4386  -14.31809548
4387  -14.26961245
4388  -14.19102479
4389  -14.12110225
4390  -14.04125235
4391  -13.903977
4392  -13.71223533
4393  -13.54821304
4394  -13.49756237
4395  -13.56131509
4396  -13.66832441
4397  -13.76575003
4398  -13.86954947
4399  -14.02173217
4400  -14.21364537
4401  -14.36609591
4402  -14.39801842
4403  -14.31133295
4404  -14.19181938
4405  -14.10528438
4406  -14.02653288
4407  -13.89307946
4408  -13.70983798
4409  -13.55820121
4410  -13.50912699
4411  -13.5525901
4412  -13.61352194
4413  -13.63683339
4414  -13.6557712
4415  -13.74882073
4416  -13.92543149
4417  -14.09857051
4418  -14.19033653
4419  -14.21641808
4420  -14.24463084
4421  -14.2985936
4422  -14.32548683
4423  -14.2492918
4424  -14.05994878
4425  -13.84536272
4426  -13.703763
4427  -13.63633507
4428  -13.5773291
4429  -13.51441152
4430  -13.51403099
4431  -13.63427333
4432  -13.85275534
4433  -14.07683601
4434  -14.21773838
4435  -14.26975043
4436  -14.30123157
4437  -14.34406515
4438  -14.33598299
4439  -14.21471276
4440  -14.0164951
4441  -13.8360685
4442  -13.72891743
4443  -13.67599721
4444  -13.62218011
4445  -13.54775583
4446  -13.50408586
4447  -13.55859005
4448  -13.69415715
4449  -13.81917989
4450  -13.8916503
4451  -13.95709998
4452  -14.06716125
4453  -14.20970778
4454  -14.32140547
4455  -14.34298823
4456  -14.27560984
4457  -14.1834599
4458  -14.11363533
4459  -14.02772276
4460  -13.87117961
4461  -13.6789377
4462  -13.54339788
4463  -13.51902943
4464  -13.5863641
4465  -13.68945521
4466  -13.7904278
4467  -13.90797923
4468  -14.07782943
4469  -14.27116273
4470  -14.39220918
4471  -14.39076244
4472  -14.30946102
4473  -14.21472113
4474  -14.12557807
4475  -14.01781011
4476  -13.86977707
4477  -13.70098686
4478  -13.57689242
4479  -13.54754923
4480  -13.58152437
4481  -13.61202754
4482  -13.62981216
4483  -13.68157993
4484  -13.79621798
4485  -13.9478427
4486  -14.08165547
4487  -14.16130414
4488  -14.20312461
4489  -14.24953747
4490  -14.3003181
4491  -14.29548683
4492  -14.19453248
4493  -14.031288
4494  -13.87203692
4495  -13.75307789
4496  -13.66833075
4497  -13.59997938
4498  -13.55619749
4499  -13.57832788
4500  -13.6942332
4501  -13.86819709
4502  -14.02939986
4503  -14.14172173
4504  -14.22062106
4505  -14.28589302
4506  -14.32760681
4507  -14.31180883
4508  -14.21849005
4509  -14.0743084
4510  -13.93449809
4511  -13.82894018
4512  -13.73924342
4513  -13.64062563
4514  -13.5506392
4515  -13.51277691
4516  -13.55228367
4517  -13.64925114
4518  -13.75904172
4519  -13.85671701
4520  -13.95871594
4521  -14.08843693
4522  -14.23054263
4523  -14.33351097
4524  -14.35941597
4525  -14.31748482
4526  -14.24135788
4527  -14.14924835
4528  -14.03165958
4529  -13.87380924
4530  -13.69181368
4531  -13.54197255
4532  -13.48317928
4533  -13.52309565
4534  -13.62115617
4535  -13.74233876
4536  -13.88490509
4537  -14.05543483
4538  -14.23328673
4539  -14.36695032
4540  -14.40782243
4541  -14.34940649
4542  -14.23473542
4543  -14.1148018
4544  -13.99537728
4545  -13.85439805
4546  -13.69758661
4547  -13.5695474
4548  -13.51310631
4549  -13.53278267
4550  -13.59401655
4551  -13.65624643
4552  -13.7120291
4553  -13.79542573
4554  -13.93007407
4555  -14.07903465
4556  -14.18570076
4557  -14.23658643
4558  -14.25823349
4559  -14.27221041
4560  -14.26553601
4561  -14.20194295
4562  -14.05913111
4563  -13.87124877
4564  -13.71634985
4565  -13.63290775
4566  -13.5924372
4567  -13.56870415
4568  -13.58172875
4569  -13.66910522
4570  -13.83445827
4571  -14.03274025
4572  -14.19189685
4573  -14.26686506
4574  -14.28541138
4575  -14.29835258
4576  -14.29585009
4577  -14.22555261
4578  -14.07822501
4579  -13.90716934
4580  -13.77579779
4581  -13.70747682
4582  -13.67325936
4583  -13.62496136
4584  -13.56614051
4585  -13.56419009
4586  -13.65775597
4587  -13.79512217
4588  -13.90439023
4589  -13.97686986
4590  -14.05328402
4591  -14.16578883
4592  -14.29458569
4593  -14.36914101
4594  -14.33533265
4595  -14.22481432
4596  -14.11609256
4597  -14.02867562
4598  -13.91346885
4599  -13.74807572
4600  -13.58672924
4601  -13.50902419
4602  -13.55453234
4603  -13.68694131
4604  -13.82398535
4605  -13.92569658
4606  -14.03303246
4607  -14.18396179
4608  -14.32694106
4609  -14.3766964
4610  -14.31441379
4611  -14.19690995
4612  -14.0907471
4613  -14.01611892
4614  -13.93171407
4615  -13.79205155
4616  -13.63106907
4617  -13.53929708
4618  -13.54864276
4619  -13.59698567
4620  -13.62379743
4621  -13.640598
4622  -13.70580289
4623  -13.85220226
4624  -14.04436209
4625  -14.19565903
4626  -14.25850089
4627  -14.27747277
4628  -14.31288371
4629  -14.34107446
4630  -14.28286679
4631  -14.11314064
4632  -13.89159715
4633  -13.70978724
4634  -13.61792272
4635  -13.58930684
4636  -13.56992516
4637  -13.56359469
4638  -13.64184156
4639  -13.83502505
4640  -14.06472164
4641  -14.22662574
4642  -14.28950485
4643  -14.29789757
4644  -14.30402305
4645  -14.30531123
4646  -14.24433766
4647  -14.0867457
4648  -13.88451697
4649  -13.7385135
4650  -13.67740248
4651  -13.63936951
4652  -13.5735309
4653  -13.50753941
4654  -13.50913904
4655  -13.60868316
4656  -13.76434092
4657  -13.89993635
4658  -13.98282009
4659  -14.05824855
4660  -14.18014011
4661  -14.31489912
4662  -14.37423908
4663  -14.32064386
4664  -14.19970855
4665  -14.08154665
4666  -13.98723486
4667  -13.88480004
4668  -13.74231543
4669  -13.58939024
4670  -13.51509211
4671  -13.56928105
4672  -13.6985411
4673  -13.82033575
4674  -13.91758125
4675  -14.02805212
4676  -14.17054379
4677  -14.30839587
4678  -14.37348446
4679  -14.32744453
4680  -14.2075523
4681  -14.09444236
4682  -14.01168083
4683  -13.90904694
4684  -13.75765628
4685  -13.60386097
4686  -13.51958526
4687  -13.52995623
4688  -13.59911678
4689  -13.66757679
4690  -13.7099402
4691  -13.77138867
4692  -13.89973747
4693  -14.06235182
4694  -14.17894691
4695  -14.22267395
4696  -14.23402502
4697  -14.25222137
4698  -14.26920895
4699  -14.23970521
4700  -14.1241335
4701  -13.94180192
4702  -13.77434198
4703  -13.6790941
4704  -13.63288997
4705  -13.59741661
4706  -13.59114617
4707  -13.66184026
4708  -13.82266576
4709  -14.03035451
4710  -14.20846112
4711  -14.29890236
4712  -14.31470131
4713  -14.31421858
4714  -14.30666108
4715  -14.23969037
4716  -14.09325822
4717  -13.91857002
4718  -13.78189721
4719  -13.70945003
4720  -13.67677031
4721  -13.63737825
4722  -13.58064411
4723  -13.56038657
4724  -13.62743948
4725  -13.74986058
4726  -13.85867578
4727  -13.93900018
4728  -14.02756176
4729  -14.15154557
4730  -14.2917124
4731  -14.38727838
4732  -14.38206394
4733  -14.28393561
4734  -14.16086897
4735  -14.0514803
4736  -13.92482626
4737  -13.75757052
4738  -13.59130513
4739  -13.5004907
4740  -13.52789151
4741  -13.65312956
4742  -13.80889141
4743  -13.9410917
4744  -14.0608327
4745  -14.20417663
4746  -14.34348281
4747  -14.40146054
4748  -14.34728324
4749  -14.22414041
4750  -14.0998078
4751  -14.00881573
4752  -13.92811614
4753  -13.81225824
4754  -13.66579085
4755  -13.55939112
4756  -13.54889224
4757  -13.60108349
4758  -13.6502869
4759  -13.68352603
4760  -13.74861226
4761  -13.88790643
4762  -14.08451898
4763  -14.26453037
4764  -14.35747736
4765  -14.36692034
4766  -14.35512021
4767  -14.34470233
4768  -14.28049382
4769  -14.11796077
4770  -13.89554272
4771  -13.70570094
4772  -13.6140005
4773  -13.61468647
4774  -13.65048786
4775  -13.6840275
4776  -13.74863555
4777  -13.89444335
4778  -14.09011882
4779  -14.24070937
4780  -14.29167311
4781  -14.27556621
4782  -14.25591397
4783  -14.25407228
4784  -14.23019207
4785  -14.13083926
4786  -13.96388131
4787  -13.80921706
4788  -13.73112564
4789  -13.69931651
4790  -13.64658207
4791  -13.57158802
4792  -13.53923779
4793  -13.60605444
4794  -13.75545523
4795  -13.91344773
4796  -14.01929842
4797  -14.08530019
4798  -14.17584061
4799  -14.30215618
4800  -14.38532914
4801  -14.35423926
4802  -14.23121262
4803  -14.09331502
4804  -13.98972373
4805  -13.90661118
4806  -13.7971543
4807  -13.6527974
4808  -13.54740753
4809  -13.56564221
4810  -13.69282446
4811  -13.83535103
4812  -13.93767472
4813  -14.02766614
4814  -14.14714194
4815  -14.28631868
4816  -14.38385057
4817  -14.37074769
4818  -14.25188731
4819  -14.1153136
4820  -14.02600588
4821  -13.94938764
4822  -13.82517778
4823  -13.66753793
4824  -13.5487894
4825  -13.52257493
4826  -13.57808909
4827  -13.65207148
4828  -13.69425955
4829  -13.7331416
4830  -13.84221094
4831  -14.02804748
4832  -14.20506956
4833  -14.30148964
4834  -14.32903945
4835  -14.33741609
4836  -14.34811748
4837  -14.32555625
4838  -14.21077959
4839  -14.00041617
4840  -13.78139236
4841  -13.65049182
4842  -13.61188256
4843  -13.60875614
4844  -13.62077896
4845  -13.68364417
4846  -13.83115109
4847  -14.04342959
4848  -14.2419441
4849  -14.3444162
4850  -14.34620357
4851  -14.31772292
4852  -14.30001162
4853  -14.25342842
4854  -14.12932702
4855  -13.95042306
4856  -13.78842065
4857  -13.69586273
4858  -13.66563826
4859  -13.64427666
4860  -13.59772548
4861  -13.56686
4862  -13.62002978
4863  -13.75516193
4864  -13.89948307
4865  -14.00226229
4866  -14.07934901
4867  -14.17176052
4868  -14.28941884
4869  -14.38574827
4870  -14.39196039
4871  -14.29303371
4872  -14.15194021
4873  -14.03555315
4874  -13.93616998
4875  -13.80998655
4876  -13.66395693
4877  -13.56210319
4878  -13.56646472
4879  -13.68018864
4880  -13.84088168
4881  -13.9767027
4882  -14.07475758
4883  -14.17730181
4884  -14.29595768
4885  -14.37274629
4886  -14.35084507
4887  -14.2434039
4888  -14.11355299
4889  -14.01057518
4890  -13.93169591
4891  -13.83625955
4892  -13.7049744
4893  -13.58318798
4894  -13.54172068
4895  -13.58712359
4896  -13.65847043
4897  -13.71434652
4898  -13.77751655
4899  -13.89291134
4900  -14.06469953
4901  -14.23982564
4902  -14.34525438
4903  -14.3561464
4904  -14.32136081
4905  -14.29191379
4906  -14.2448417
4907  -14.12525413
4908  -13.93989534
4909  -13.76102085
4910  -13.6591069
4911  -13.64660555
4912  -13.68069939
4913  -13.71222169
4914  -13.74880129
4915  -13.8457146
4916  -14.01291214
4917  -14.17616964
4918  -14.25953721
4919  -14.26406045
4920  -14.24179523
4921  -14.22965031
4922  -14.21617253
4923  -14.15083774
4924  -14.00796619
4925  -13.83955834
4926  -13.72810169
4927  -13.6832555
4928  -13.645227
4929  -13.58385959
4930  -13.53881529
4931  -13.56871209
4932  -13.69066382
4933  -13.85974436
4934  -14.0059455
4935  -14.10337661
4936  -14.19523641
4937  -14.31654176
4938  -14.41510581
4939  -14.41227388
4940  -14.29860797
4941  -14.13384648
4942  -13.9855983
4943  -13.87764661
4944  -13.78251282
4945  -13.67111252
4946  -13.57876597
4947  -13.58478637
4948  -13.70624726
4949  -13.8664653
4950  -13.98895415
4951  -14.06889602
4952  -14.14646419
4953  -14.24585803
4954  -14.33649524
4955  -14.34972841
4956  -14.25737289
4957  -14.12008059
4958  -14.01848304
4959  -13.95056951
4960  -13.85536569
4961  -13.71359954
4962  -13.57550525
4963  -13.50904487
4964  -13.54176797
4965  -13.63325351
4966  -13.71508926
4967  -13.77644576
4968  -13.87997863
4969  -14.06009128
4970  -14.2526622
4971  -14.36708817
4972  -14.38104493
4973  -14.34051677
4974  -14.29869074
4975  -14.25816934
4976  -14.16597136
4977  -13.98552634
4978  -13.77358567
4979  -13.63854749
4980  -13.61761169
4981  -13.65314299
4982  -13.68854065
4983  -13.73307051
4984  -13.8344932
4985  -14.01164729
4986  -14.20821603
4987  -14.32849189
4988  -14.33031092
4989  -14.27299678
4990  -14.23476065
4991  -14.20670371
4992  -14.12142009
4993  -13.95772207
4994  -13.77261227
4995  -13.64755255
4996  -13.6133763
4997  -13.623747
4998  -13.61009655
4999  -13.5759281
5000  -13.60206681
