0  -213.33894040 -211.03014040 -210.02864040 -210.02864040
1  -213.34651074 -211.03681074 -210.03351074 -210.03351074
2  -213.37866709 -211.06496709 -210.05406709 -210.05406709
3  -213.43628650 -211.11518650 -210.09068650 -210.09068650
4  -213.52089181 -211.18819181 -210.14389181 -210.14389181
5  -213.63459094 -211.28489094 -210.21439094 -210.21439094
6  -213.77994579 -211.40634579 -210.30254579 -210.30254579
7  -213.95972802 -211.55272802 -210.40842802 -210.40842802
8  -214.17645348 -211.72345348 -210.53085348 -210.53085348
9  -214.43155197 -211.91575197 -210.66705197 -210.66705197
10  -214.72404463 -212.12374463 -210.81124463 -210.81124463
11  -215.04829819 -212.33559819 -210.95349819 -210.95349819
12  -215.39058346 -212.53128346 -211.07808346 -211.07808346
13  -215.72415286 -212.68445286 -211.16085286 -211.16085286
14  -216.00429291 -212.78669291 -211.17069291 -211.17069291
15  -216.16906242 -212.80956242 -211.07326242 -211.07326242
16  -216.15737883 -212.69077883 -210.84387883 -210.84377883
17  -215.95975164 -212.44705164 -210.50475164 -210.50465164
18  -215.68827127 -212.16957127 -210.16757127 -210.16717127
19  -215.55457350 -212.04537350 -210.01907350 -210.01737350
20  -215.68414181 -212.17054181 -210.16394181 -210.16364181
21  -215.95634651 -212.43594651 -210.49914651 -210.49874651
22  -216.15547964 -212.69317964 -210.83987964 -210.83977964
23  -216.17067532 -212.81027532 -211.07007532 -211.07007532
24  -216.00912081 -212.78842081 -211.16982081 -211.16982081
25  -215.73107704 -212.68717704 -211.16197704 -211.16197704
26  -215.39854910 -212.53544910 -211.08054910 -211.08054910
27  -215.05655027 -212.34075027 -210.95685027 -210.95685027
28  -214.73212063 -212.12922063 -210.81502063 -210.81502063
29  -214.43920025 -211.92140025 -210.67100025 -210.67100025
30  -214.18356429 -211.72896429 -210.53476429 -210.53476429
31  -213.96626479 -211.55796479 -210.41216479 -210.41216479
32  -213.78593069 -211.41123069 -210.30613069 -210.30613069
33  -213.64008003 -211.28958003 -210.21778003 -210.21778003
34  -213.52594001 -211.19244001 -210.14704001 -210.14704001
35  -213.44095011 -211.11925011 -210.09365011 -210.09365011
36  -213.38300469 -211.06880469 -210.05680469 -210.05680469
37  -213.35057819 -211.04037819 -210.03607819 -210.03607819
38  -213.34278816 -211.03358816 -210.03108816 -210.03108816
39  -213.35941981 -211.04811981 -210.04171981 -210.04171981
40  -213.40093051 -211.08443051 -210.06823051 -210.06823051
41  -213.46843942 -211.14303942 -210.11093942 -210.11093942
42  -213.56369152 -211.22479152 -210.17059152 -210.17059152
43  -213.68897485 -211.33067485 -210.24757485 -210.24757485
44  -213.84696582 -211.46136582 -210.34246582 -210.34246582
45  -214.04041011 -211.61701011 -210.45471011 -210.45471011
46  -214.27149152 -211.79619152 -210.58269152 -210.58269152
47  -214.54091197 -211.99521197 -210.72251197 -210.72251197
48  -214.84621614 -212.20611614 -210.86721614 -210.86721614
49  -215.17917489 -212.41437489 -211.00477489 -211.00477489
50  -215.52173086 -212.59633086 -211.11633086 -211.11633086
51  -215.84078695 -212.72928695 -211.17508695 -211.17508695
52  -216.08447728 -212.80937728 -211.14797728 -211.14787728
53  -216.18781697 -212.78381697 -211.00221697 -211.00201697
54  -216.10166858 -212.61196858 -210.72536858 -210.72496858
55  -215.85583176 -212.33383176 -210.36793176 -210.36653176
56  -215.61244049 -212.09254049 -210.08184049 -210.08024049
57  -215.57414377 -212.05714377 -210.03994377 -210.03814377
58  -215.77602032 -212.24632032 -210.26842032 -210.26712032
59  -216.04382783 -212.54592783 -210.62882783 -210.62852783
60  -216.18356708 -212.74826708 -210.93636708 -210.93616708
61  -216.13034025 -212.81544025 -211.12024025 -211.12014025
62  -215.91873197 -212.75763197 -211.17763197 -211.17763197
63  -215.61400943 -212.63830943 -211.13920943 -211.13920943
64  -215.27319382 -212.46809382 -211.03889382 -211.03889382
65  -214.93456034 -212.26376034 -210.90596034 -210.90596034
66  -214.61984263 -212.05134263 -210.76144263 -210.76144263
67  -214.33952705 -211.84752705 -210.61892705 -210.61892705
68  -214.09735205 -211.66185205 -210.48685205 -210.48685205
69  -213.89326791 -211.49906791 -210.36966791 -210.36966791
70  -213.72536336 -211.36106336 -210.26966336 -210.26966336
71  -213.59094630 -211.24794630 -210.18744630 -210.18744630
72  -213.48727001 -211.15927001 -210.12287001 -210.12277001
73  -213.41190319 -211.09400319 -210.07520319 -210.07520319
74  -213.36292129 -211.05122129 -210.04402129 -210.04402129
75  -213.33900955 -211.03020955 -210.02870955 -210.02870955
76  -213.33951085 -211.03071085 -210.02901085 -210.02901085
77  -213.36443912 -211.05253912 -210.04493912 -210.04493912
78  -213.41447882 -211.09617882 -210.07687882 -210.07687882
79  -213.49097121 -211.16247121 -210.12517121 -210.12517121
80  -213.59586456 -211.25216456 -210.19056456 -210.19046456
81  -213.73160730 -211.36620730 -210.27350730 -210.27350730
82  -213.90095151 -211.50535151 -210.37425151 -210.37425151
83  -214.10657596 -211.66907596 -210.49207596 -210.49207596
84  -214.35034052 -211.85564052 -210.62464052 -210.62464052
85  -214.63218372 -212.05998372 -210.76738372 -210.76738372
86  -214.94815461 -212.27255461 -210.91175461 -210.91175461
87  -215.28740227 -212.47590227 -211.04390227 -211.04390227
88  -215.62761624 -212.64431624 -211.14221624 -211.14221624
89  -215.92974572 -212.76144572 -211.17744572 -211.17744572
90  -216.13608775 -212.81608775 -211.11538775 -211.11528775
91  -216.18159301 -212.74439301 -210.92629301 -210.92629301
92  -216.03413555 -212.52703555 -210.61293555 -210.61163555
93  -215.76243129 -212.24723129 -210.25533129 -210.25463129
94  -215.56385731 -212.05055731 -210.02825731 -210.02565731
95  -215.61909825 -212.10519825 -210.08969825 -210.08779825
96  -215.87475746 -212.36265746 -210.39425746 -210.39315746
97  -216.11473780 -212.62393780 -210.74883780 -210.74813780
98  -216.18615147 -212.78935147 -211.01885147 -211.01865147
99  -216.06847391 -212.80547391 -211.15437391 -211.15437391
100  -215.81509041 -212.71969041 -211.17289041 -211.17289041
101  -215.49111485 -212.58171485 -211.10801485 -211.10801485
102  -215.14715486 -212.39545486 -210.99255486 -210.99255486
103  -214.81496116 -212.18526116 -210.85316116 -210.85316116
104  -214.51159150 -211.97409150 -210.70779150 -210.70779150
105  -214.24463753 -211.77583753 -210.56813753 -210.56813753
106  -214.01616206 -211.59776206 -210.44086206 -210.44086206
107  -213.82525759 -211.44365759 -210.32955759 -210.32955759
108  -213.66962373 -211.31442373 -210.23582373 -210.23582373
109  -213.54645979 -211.21005979 -210.15985979 -210.15985979
110  -213.45308400 -211.12968400 -210.10128400 -210.10128400
111  -213.38722629 -211.07242629 -210.05952629 -210.05952629
112  -213.34716829 -211.03736829 -210.03386829 -210.03386829
113  -213.33182147 -211.02392147 -210.02402147 -210.02402147
114  -213.34076102 -211.03176102 -210.02976102 -210.02976102
115  -213.37423495 -211.06113495 -210.05123495 -210.05123495
116  -213.43315896 -211.11245896 -210.08865896 -210.08865896
117  -213.51909107 -211.18659107 -210.14279107 -210.14279107
118  -213.63416653 -211.28456653 -210.21406653 -210.21406653
119  -213.78097718 -211.40717718 -210.30317718 -210.30317718
120  -213.96233869 -211.55483869 -210.40993869 -210.40993869
121  -214.18076117 -211.72676117 -210.53326117 -210.53326117
122  -214.43762355 -211.92022355 -210.67012355 -210.67012355
123  -214.73186309 -212.12906309 -210.81486309 -210.81486309
124  -215.05764970 -212.34134970 -210.95734970 -210.95734970
125  -215.40088984 -212.53658984 -211.08128984 -211.08128984
126  -215.73423545 -212.68843545 -211.16253545 -211.16253545
127  -216.01215508 -212.78915508 -211.16925508 -211.16925508
128  -216.17199109 -212.80739109 -211.06739109 -211.06709109
129  -216.15296915 -212.68596915 -210.83296915 -210.83266915
130  -215.94902675 -212.43302675 -210.49002675 -210.48962675
131  -215.67720721 -212.16050721 -210.15660721 -210.15390721
132  -215.55540637 -212.05050637 -210.02080637 -210.02020637
133  -215.69571950 -212.18141950 -210.17891950 -210.17601950
134  -215.96863812 -212.44733812 -210.51543812 -210.51483812
135  -216.16105674 -212.70275674 -210.85525674 -210.85435674
136  -216.16597396 -212.81227396 -211.07897396 -211.07867396
137  -215.99571482 -212.78401482 -211.17201482 -211.17191482
138  -215.71221922 -212.67961922 -211.15891922 -211.15891922
139  -215.37715921 -212.52425921 -211.07375921 -211.07375921
140  -215.03465326 -212.32715326 -210.94795326 -210.94795326
141  -214.71092017 -212.11472017 -210.80502017 -210.80502017
142  -214.41932413 -211.90682413 -210.66072413 -210.66072413
143  -214.16527650 -211.71477650 -210.52467650 -210.52467650
144  -213.94961718 -211.54461718 -210.40251718 -210.40251718
145  -213.77085139 -211.39875139 -210.29715139 -210.29715139
146  -213.62641969 -211.27801969 -210.20931969 -210.20931969
147  -213.51353609 -211.18183609 -210.13933609 -210.13933609
148  -213.42964142 -211.10944142 -210.08644142 -210.08644142
149  -213.37263457 -211.05973457 -210.05023457 -210.05023457
150  -213.34100278 -211.03200278 -210.03000278 -210.02990278
151  -213.33388064 -211.02568064 -210.02538064 -210.02538064
152  -213.35107091 -211.04077091 -210.03637091 -210.03637091
153  -213.39304823 -211.07754823 -210.06324823 -210.06324823
154  -213.46094961 -211.13654961 -210.10624961 -210.10624961
155  -213.55654144 -211.21864144 -210.16614144 -210.16614144
156  -213.68213463 -211.32493463 -210.24343463 -210.24343463
157  -213.84041780 -211.45601780 -210.33861780 -210.33861780
158  -214.03416071 -211.61206071 -210.45116071 -210.45116071
159  -214.26560209 -211.79180209 -210.57950209 -210.57950209
160  -214.53547275 -211.99127275 -210.71977275 -210.71977275
161  -214.84136291 -212.20286291 -210.86506291 -210.86506291
162  -215.17508906 -212.41198906 -211.00318906 -211.00318906
163  -215.51862465 -212.59492465 -211.11552465 -211.11552465
164  -215.83884420 -212.72854420 -211.17494420 -211.17494420
165  -216.08370610 -212.80900610 -211.14830610 -211.14830610
166  -216.18779983 -212.78169983 -211.00239983 -211.00209983
167  -216.10120769 -212.60970769 -210.72400769 -210.72350769
168  -215.85301390 -212.33241390 -210.36541390 -210.36371390
169  -215.60414439 -212.09254439 -210.07434439 -210.07174439
170  -215.56714352 -212.05694352 -210.03374352 -210.03044352
171  -215.77616476 -212.25416476 -210.27106476 -210.26896476
172  -216.04623418 -212.54293418 -210.63173418 -210.63053418
173  -216.18419098 -212.75089098 -210.94059098 -210.94009098
174  -216.12790838 -212.81600838 -211.12230838 -211.12210838
175  -215.91373052 -212.75583052 -211.17773052 -211.17773052
176  -215.60732331 -212.63542331 -211.13772331 -211.13772331
177  -215.26561601 -212.46381601 -211.03621601 -211.03621601
178  -214.92665054 -212.25875054 -210.90255054 -210.90255054
179  -214.61194522 -212.04574522 -210.75754522 -210.75754522
180  -214.33183086 -211.84173086 -210.61493086 -210.61493086
181  -214.08994712 -211.65604712 -210.48274712 -210.48274712
182  -213.88616873 -211.49336873 -210.36556873 -210.36556873
183  -213.71856092 -211.35536092 -210.26556092 -210.26556092
184  -213.58439908 -211.24239908 -210.18339908 -210.18339908
185  -213.48091104 -211.15381104 -210.11881104 -210.11881104
186  -213.40566198 -211.08856198 -210.07126198 -210.07126198
187  -213.35672699 -211.04572699 -210.04002699 -210.04002699
188  -213.33278971 -211.02478971 -210.02468971 -210.02468971
189  -213.33318968 -211.02508968 -210.02498968 -210.02488968
190  -213.35793802 -211.04683802 -210.04083802 -210.04083802
191  -213.40771709 -211.09031709 -210.07251709 -210.07251709
192  -213.48386431 -211.15636431 -210.12066431 -210.12066431
193  -213.58832386 -211.24572386 -210.18582386 -210.18582386
194  -213.72354599 -211.35954599 -210.26864599 -210.26864599
195  -213.89230776 -211.49830776 -210.36910776 -210.36910776
196  -214.09731897 -211.66181897 -210.48681897 -210.48681897
197  -214.34047592 -211.84827592 -210.61947592 -210.61947592
198  -214.62181971 -212.05271971 -210.76241971 -210.76241971
199  -214.93753853 -212.26573853 -210.90723853 -210.90723853
200  -215.27701451 -212.47021451 -211.04021451 -211.04021451
201  -215.61826853 -212.64016853 -211.14016853 -211.14016853
202  -215.92263600 -212.75903600 -211.17763600 -211.17763600
203  -216.13262955 -212.81662955 -211.11852955 -211.11842955
204  -216.18274246 -212.74584246 -210.93244246 -210.93204246
205  -216.03834708 -212.52974708 -210.61794708 -210.61754708
206  -215.76688649 -212.24828649 -210.26048649 -210.26008649
207  -215.56331779 -212.05801779 -210.03061779 -210.02751779
208  -215.61041091 -212.10091091 -210.08241091 -210.07941091
209  -215.86309875 -212.34109875 -210.37779875 -210.37619875
210  -216.10808828 -212.62028828 -210.73698828 -210.73638828
211  -216.18705774 -212.78605774 -211.01145774 -211.01095774
212  -216.07483478 -212.80703478 -211.15193478 -211.15193478
213  -215.82383784 -212.72293784 -211.17373784 -211.17373784
214  -215.49996177 -212.58596177 -211.11046177 -211.11046177
215  -215.15476722 -212.39996722 -210.99546722 -210.99546722
216  -214.82070982 -212.18910982 -210.85570982 -210.85570982
217  -214.51526987 -211.97676987 -210.70966987 -210.70966987
218  -214.24625426 -211.77705426 -210.56905426 -210.56905426
219  -214.01582683 -211.59752683 -210.44072683 -210.44062683
220  -213.82311089 -211.44181089 -210.32831089 -210.32831089
221  -213.66577176 -211.31117176 -210.23347176 -210.23347176
222  -213.54099298 -211.20539298 -210.15649298 -210.15649298
223  -213.44605998 -211.12365998 -210.09685998 -210.09685998
224  -213.37864913 -211.06494913 -210.05404913 -210.05404913
225  -213.33699032 -211.02849032 -210.02739032 -210.02739032
226  -213.31994633 -211.01344633 -210.01644633 -210.01644633
227  -213.32704341 -211.01974341 -210.02104341 -210.02094341
228  -213.35847944 -211.04727944 -210.04117944 -210.04117944
229  -213.41512097 -211.09682097 -210.07722097 -210.07722097
230  -213.49848397 -211.16888397 -210.12988397 -210.12988397
231  -213.61067777 -211.26467777 -210.19967777 -210.19967777
232  -213.75428077 -211.38508077 -210.28718077 -210.28718077
233  -213.93211939 -211.53051939 -210.39241939 -210.39241939
234  -214.14682582 -211.70052582 -210.51452582 -210.51452582
235  -214.40001139 -211.89251139 -210.65071139 -210.65071139
236  -214.69102635 -212.10102635 -210.79562635 -210.79562635
237  -215.01476937 -212.31476937 -210.93976937 -210.93976937
238  -215.35832826 -212.51432826 -211.06772826 -211.06772826
239  -215.69608582 -212.67308582 -211.15598582 -211.15598582
240  -215.98450967 -212.78030967 -211.17350967 -211.17340967
241  -216.16194597 -212.81344597 -211.08534597 -211.08534597
242  -216.16490643 -212.70760643 -210.86620643 -210.86500643
243  -215.97635614 -212.45905614 -210.52765614 -210.52505614
244  -215.69720889 -212.17840889 -210.18010889 -210.17690889
245  -215.53781288 -212.03811288 -210.00431288 -210.00101288
246  -215.64859774 -212.13779774 -210.12609774 -210.12329774
247  -215.92296341 -212.39546341 -210.45286341 -210.45166341
248  -216.14237935 -212.67447935 -210.80857935 -210.80847935
249  -216.17742878 -212.80552878 -211.05442878 -211.05402878
250  -216.02773615 -212.79413615 -211.16613615 -211.16613615
251  -215.75360839 -212.69610839 -211.16540839 -211.16540839
252  -215.41965353 -212.54625353 -211.08705353 -211.08705353
253  -215.07336602 -212.35106602 -210.96366602 -210.96366602
254  -214.74344816 -212.13704816 -210.82024816 -210.82024816
255  -214.44477452 -211.92547452 -210.67387452 -210.67387452
256  -214.18357291 -211.72897291 -210.53477291 -210.53477291
257  -213.96106577 -211.55376577 -210.40916577 -210.40916577
258  -213.77591148 -211.40301148 -210.30011148 -210.30011148
259  -213.62555791 -211.27725791 -210.20885791 -210.20885791
260  -213.50711378 -211.17631378 -210.13531378 -210.13531378
261  -213.41790005 -211.09920005 -210.07900005 -210.07900005
262  -213.35568298 -211.04488298 -210.03938298 -210.03938298
263  -213.31880139 -211.01240139 -210.01570139 -210.01570139
264  -213.30623526 -211.00133526 -210.00763526 -210.00763526
265  -213.31763183 -211.01143183 -210.01493183 -210.01493183
266  -213.35331110 -211.04281110 -210.03781110 -210.03781110
267  -213.41426070 -211.09606070 -210.07666070 -210.07666070
268  -213.50211184 -211.17201184 -210.13211184 -210.13211184
269  -213.61907385 -211.27177385 -210.20487385 -210.20487385
270  -213.76780882 -211.39630882 -210.29530882 -210.29530882
271  -213.95120344 -211.54590344 -210.40350344 -210.40350344
272  -214.17184577 -211.71984577 -210.52834577 -210.52834577
273  -214.43116399 -211.91546399 -210.66686399 -210.66686399
274  -214.72810302 -212.12650302 -210.81310302 -210.81310302
275  -215.05675478 -212.34085478 -210.95695478 -210.95695478
276  -215.40277647 -212.53757647 -211.08187647 -211.08187647
277  -215.73826878 -212.69006878 -211.16316878 -211.16316878
278  -216.01670445 -212.79050445 -211.16840445 -211.16840445
279  -216.17405640 -212.80555640 -211.06265640 -211.06245640
280  -216.14857035 -212.67997035 -210.82257035 -210.82127035
281  -215.93579009 -212.42059009 -210.47379009 -210.47129009
282  -215.65759362 -212.14389362 -210.13459362 -210.13119362
283  -215.53871401 -212.02991401 -210.00161401 -209.99891401
284  -215.69231371 -212.17991371 -210.17431371 -210.17241371
285  -215.97355686 -212.45655686 -210.52395686 -210.52235686
286  -216.16404710 -212.70704710 -210.86324710 -210.86264710
287  -216.16251067 -212.81291067 -211.08451067 -211.08441067
288  -215.98538017 -212.78058017 -211.17338017 -211.17338017
289  -215.69656353 -212.67326353 -211.15606353 -211.15606353
290  -215.35809199 -212.51419199 -211.06759199 -211.06759199
291  -215.01373686 -212.31413686 -210.93933686 -210.93933686
292  -214.68923144 -212.09973144 -210.79473144 -210.79473144
293  -214.39752634 -211.89072634 -210.64942634 -210.64942634
294  -214.14373446 -211.69813446 -210.51273446 -210.51273446
295  -213.92848987 -211.52758987 -210.39028987 -210.39028987
296  -213.75015535 -211.38165535 -210.28465535 -210.28465535
297  -213.60608228 -211.26078228 -210.19678228 -210.19678228
298  -213.49342822 -211.16452822 -210.12672822 -210.12672822
299  -213.40959015 -211.09199015 -210.07369015 -210.07369015
300  -213.35243716 -211.04203716 -210.03723716 -210.03723716
301  -213.32043482 -211.01383482 -210.01673482 -210.01673482
302  -213.31269854 -211.00709854 -210.01179854 -210.01179854
303  -213.32901193 -211.02141193 -210.02221193 -210.02221193
304  -213.36983020 -211.05723020 -210.04843020 -210.04843020
305  -213.43627264 -211.11517264 -210.09067264 -210.09067264
306  -213.53009490 -211.19609490 -210.14969490 -210.14969490
307  -213.65361410 -211.30091410 -210.22601410 -210.22601410
308  -213.80955161 -211.43075161 -210.32025161 -210.32025161
309  -214.00075127 -211.58555127 -210.43205127 -210.43205127
310  -214.22961314 -211.76431314 -210.56001314 -210.56001314
311  -214.49714579 -211.96364579 -210.70054579 -210.70054579
312  -214.80142724 -212.17622724 -210.84702724 -210.84702724
313  -215.13502998 -212.38832998 -210.98792998 -210.98792998
314  -215.48107666 -212.57687666 -211.10517666 -211.10517666
315  -215.80793221 -212.71703221 -211.17223221 -211.17223221
316  -216.06481183 -212.80461183 -211.15571183 -211.15561183
317  -216.18577127 -212.79167127 -211.02137127 -211.02107127
318  -216.11626298 -212.63296298 -210.75366298 -210.75216298
319  -215.87431842 -212.35131842 -210.39201842 -210.38911842
320  -215.61018045 -212.09788045 -210.08098045 -210.07918045
321  -215.54784659 -212.03954659 -210.01174659 -210.01044659
322  -215.74628657 -212.23028657 -210.23728657 -210.23428657
323  -216.02569778 -212.51429778 -210.59979778 -210.59789778
324  -216.18043278 -212.74343278 -210.92143278 -210.92083278
325  -216.13776143 -212.81706143 -211.11386143 -211.11376143
326  -215.93077901 -212.76187901 -211.17737901 -211.17737901
327  -215.62613061 -212.64363061 -211.14193061 -211.14193061
328  -215.28276532 -212.47336532 -211.04226532 -211.04226532
329  -214.94040340 -212.26760340 -210.90850340 -210.90840340
330  -214.62161928 -212.05251928 -210.76231928 -210.76231928
331  -214.33732358 -211.84592358 -210.61782358 -210.61782358
332  -214.09142714 -211.65722714 -210.48352714 -210.48352714
333  -213.88390812 -211.49150812 -210.36420812 -210.36420812
334  -213.71283250 -211.35063250 -210.26213250 -210.26213250
335  -213.57542026 -211.23472026 -210.17782026 -210.17782026
336  -213.46882173 -211.14332173 -210.11122173 -210.11122173
337  -213.39051491 -211.07531491 -210.06161491 -210.06161491
338  -213.33848086 -211.02978086 -210.02838086 -210.02838086
339  -213.31130679 -211.00580679 -210.01090679 -210.01090679
340  -213.30823521 -211.00313521 -210.00893521 -210.00893521
341  -213.32917974 -211.02157974 -210.02237974 -210.02237974
342  -213.37472640 -211.06152640 -210.05152640 -210.05152640
343  -213.44612272 -211.12372272 -210.09692272 -210.09692272
344  -213.54523956 -211.20903956 -210.15913956 -210.15913956
345  -213.67448295 -211.31848295 -210.23878295 -210.23878295
346  -213.83664264 -211.45294264 -210.33634264 -210.33634264
347  -214.03457739 -211.61237739 -210.45137739 -210.45137739
348  -214.27052363 -211.79552363 -210.58212363 -210.58212363
349  -214.54513832 -211.99823832 -210.72463832 -210.72463832
350  -214.85576528 -212.21236528 -210.87146528 -210.87146528
351  -215.19367189 -212.42277189 -211.01017189 -211.01017189
352  -215.53979344 -212.60479344 -211.12109344 -211.12109344
353  -215.85927207 -212.73617207 -211.17637207 -211.17627207
354  -216.09778427 -212.81238427 -211.14158427 -211.14158427
355  -216.18819311 -212.77419311 -210.98359311 -210.98349311
356  -216.08244716 -212.58274716 -210.69094716 -210.68894716
357  -215.81848951 -212.30058951 -210.32378951 -210.32088951
358  -215.57302962 -212.06272962 -210.03972962 -210.03752962
359  -215.56052569 -212.05152569 -210.02642569 -210.02402569
360  -215.79227578 -212.26827578 -210.29077578 -210.28727578
361  -216.06370073 -212.56500073 -210.66050073 -210.65850073
362  -216.18706210 -212.76276210 -210.96296210 -210.96246210
363  -216.11214196 -212.81394196 -211.13334196 -211.13324196
364  -215.88288427 -212.74468427 -211.17738427 -211.17738427
365  -215.56697197 -212.61737197 -211.12807197 -211.12807197
366  -215.22057354 -212.43827354 -211.02007354 -211.02007354
367  -214.88023213 -212.22853213 -210.88233213 -210.88233213
368  -214.56616213 -212.01326213 -210.73506213 -210.73506213
369  -214.28776441 -211.80856441 -210.59136441 -210.59136441
370  -214.04806418 -211.62306418 -210.45906418 -210.45906418
371  -213.84656908 -211.46106908 -210.34216908 -210.34216908
372  -213.68108582 -211.32408582 -210.24278582 -210.24278582
373  -213.54877287 -211.21207287 -210.16127287 -210.16127287
374  -213.44680337 -211.12430337 -210.09730337 -210.09730337
375  -213.37269928 -211.05979928 -210.05019928 -210.05019928
376  -213.32451581 -211.01751581 -210.01941581 -210.01931581
377  -213.30093271 -210.99673271 -210.00423271 -210.00423271
378  -213.30128966 -210.99698966 -210.00438966 -210.00438966
379  -213.32559668 -211.01839668 -210.02009668 -210.02009668
380  -213.37453411 -211.06133411 -210.05143411 -210.05143411
381  -213.44944134 -211.12654134 -210.09894134 -210.09894134
382  -213.55228094 -211.21498094 -210.16348094 -210.16348094
383  -213.68554628 -211.32774628 -210.24554628 -210.24554628
384  -213.85207048 -211.46557048 -210.34547048 -210.34547048
385  -214.05468252 -211.62828252 -210.46278252 -210.46278252
386  -214.29554664 -211.81444664 -210.59554664 -210.59554664
387  -214.57508159 -212.01958159 -210.73948159 -210.73948159
388  -214.89011624 -212.23501624 -210.88661624 -210.88661624
389  -215.23100118 -212.44430118 -211.02390118 -211.02390118
390  -215.57711383 -212.62191383 -211.13051383 -211.13051383
391  -215.89134194 -212.74774194 -211.17754194 -211.17754194
392  -216.11696246 -212.81456246 -211.13016246 -211.13006246
393  -216.18631121 -212.75921121 -210.95581121 -210.95511121
394  -216.05712284 -212.55572284 -210.64982284 -210.64742284
395  -215.78296137 -212.26396137 -210.28046137 -210.27706137
396  -215.55489654 -212.04229654 -210.01929654 -210.01599654
397  -215.57948132 -212.06668132 -210.04668132 -210.04338132
398  -215.83273918 -212.31293918 -210.34053918 -210.33823918
399  -216.09223994 -212.59903994 -210.70863994 -210.70723994
400  -216.18813847 -212.78023847 -210.99503847 -210.99463847
401  -216.08818704 -212.80998704 -211.14628704 -211.14618704
402  -215.84310179 -212.73020179 -211.17530179 -211.17530179
403  -215.52020467 -212.59560467 -211.11600467 -211.11600467
404  -215.17301750 -212.41071750 -211.00241750 -211.00241750
405  -214.83550167 -212.19900167 -210.86240167 -210.86240167
406  -214.52606187 -211.98456187 -210.71506187 -210.71506187
407  -214.25299951 -211.78219951 -210.57269951 -210.57269951
408  -214.01871135 -211.59981135 -210.44231135 -210.44231135
409  -213.82239232 -211.44129232 -210.32789232 -210.32789232
410  -213.66170667 -211.30780667 -210.23100667 -210.23100667
411  -213.53379112 -211.19919112 -210.15199112 -210.15199112
412  -213.43585474 -211.11475474 -210.09035474 -210.09035474
413  -213.36548625 -211.05348625 -210.04558625 -210.04558625
414  -213.32082592 -211.01422592 -210.01702592 -210.01702592
415  -213.30064604 -210.99644604 -210.00404604 -210.00404604
416  -213.30438098 -210.99968098 -210.00638098 -210.00638098
417  -213.33213594 -211.02413594 -210.02423594 -210.02423594
418  -213.38468547 -211.07028547 -210.05788547 -210.05788547
419  -213.46346018 -211.13866018 -210.10786018 -210.10786018
420  -213.57050459 -211.23060459 -210.17480459 -210.17480459
421  -213.70837204 -211.34687204 -210.25937204 -210.25937204
422  -213.87991836 -211.48821836 -210.36191836 -210.36191836
423  -214.08792753 -211.65452753 -210.48152753 -210.48152753
424  -214.33437871 -211.84367871 -210.61627871 -210.61627871
425  -214.61930956 -212.05090956 -210.76120956 -210.76120956
426  -214.93880801 -212.26650801 -210.90780801 -210.90780801
427  -215.28194752 -212.47294752 -211.04194752 -211.04194752
428  -215.62606656 -212.64356656 -211.14186656 -211.14186656
429  -215.93126590 -212.76206590 -211.17736590 -211.17736590
430  -216.13828413 -212.81618413 -211.11348413 -211.11328413
431  -216.18005812 -212.73755812 -210.91925812 -210.91835812
432  -216.02296429 -212.51376429 -210.59586429 -210.59346429
433  -215.74108891 -212.21928891 -210.23108891 -210.22668891
434  -215.53697728 -212.03317728 -210.00217728 -209.99887728
435  -215.59967748 -212.09187748 -210.07137748 -210.06747748
436  -215.86827835 -212.34317835 -210.38327835 -210.38247835
437  -216.11476857 -212.63156857 -210.75006857 -210.74976857
438  -216.18570485 -212.79070485 -211.02170485 -211.02140485
439  -216.06288476 -212.80388476 -211.15628476 -211.15628476
440  -215.80290057 -212.71510057 -211.17170057 -211.17170057
441  -215.47287866 -212.57287866 -211.10287866 -211.10287866
442  -215.12411267 -212.38181267 -210.98371267 -210.98371267
443  -214.78834083 -212.16744083 -210.84104083 -210.84104083
444  -214.48237368 -211.95297368 -210.69307368 -210.69307368
445  -214.21352038 -211.75202038 -210.55122038 -210.55122038
446  -213.98358790 -211.57178790 -210.42218790 -210.42218790
447  -213.79145947 -211.41585947 -210.30945947 -210.30945947
448  -213.63463515 -211.28493515 -210.21443515 -210.21443515
449  -213.51019867 -211.17899867 -210.13719867 -210.13719867
450  -213.41536349 -211.09696349 -210.07736349 -210.07736349
451  -213.34775296 -211.03785296 -210.03425296 -210.03425296
452  -213.30555799 -211.00075799 -210.00715799 -210.00715799
453  -213.28760810 -210.98490810 -209.99560810 -209.99560810
454  -213.29339676 -210.98999676 -209.99929676 -209.99929676
455  -213.32308789 -211.01618789 -210.01848789 -210.01848789
456  -213.37751394 -211.06401394 -210.05331394 -210.05331394
457  -213.45816242 -211.13416242 -210.10446242 -210.10446242
458  -213.56713314 -211.22773314 -210.17273314 -210.17273314
459  -213.70702955 -211.34572955 -210.25862955 -210.25862955
460  -213.88074679 -211.48894679 -210.36234679 -210.36234679
461  -214.09109273 -211.65699273 -210.48339273 -210.48339273
462  -214.34003391 -211.84793391 -210.61923391 -210.61923391
463  -214.62751668 -212.05671668 -210.76511668 -210.76511668
464  -214.94942975 -212.27332975 -210.91232975 -210.91232975
465  -215.29443676 -212.47983676 -211.04623676 -211.04623676
466  -215.63916153 -212.64926153 -211.14476153 -211.14476153
467  -215.94261621 -212.76601621 -211.17691621 -211.17691621
468  -216.14433094 -212.81583094 -211.10743094 -211.10733094
469  -216.17691617 -212.73211617 -210.90611617 -210.90501617
470  -216.01005582 -212.50185582 -210.57765582 -210.57545582
471  -215.72401618 -212.20611618 -210.20991618 -210.20781618
472  -215.53024555 -212.01774555 -209.99194555 -209.98824555
473  -215.60844638 -212.09244638 -210.07794638 -210.07504638
474  -215.88282214 -212.36602214 -210.40292214 -210.40162214
475  -216.12440820 -212.63850820 -210.76870820 -210.76830820
476  -216.18346034 -212.79876034 -211.03396034 -211.03376034
477  -216.05037068 -212.80107068 -211.16037068 -211.16037068
478  -215.78402115 -212.70792115 -211.16952115 -211.16952115
479  -215.45121313 -212.56211313 -211.09651313 -211.09651313
480  -215.10212784 -212.36852784 -210.97502784 -210.97502784
481  -214.76747315 -212.15337315 -210.83137315 -210.83137315
482  -214.46334323 -211.93904323 -210.68334323 -210.68334323
483  -214.19661786 -211.73901786 -210.54191786 -210.54191786
484  -213.96884276 -211.56004276 -210.41364276 -210.41364276
485  -213.77877077 -211.40537077 -210.30187077 -210.30187077
486  -213.62384429 -211.27584429 -210.20774429 -210.20774429
487  -213.50113129 -211.17123129 -210.13153129 -210.13153129
488  -213.40785376 -211.09045376 -210.07265376 -210.07265376
489  -213.34165821 -211.03255821 -210.03035821 -210.03035821
490  -213.30076501 -210.99656501 -210.00406501 -210.00406501
491  -213.28403590 -210.98173590 -209.99333590 -209.99333590
492  -213.29099731 -210.98789731 -209.99779731 -209.99779731
493  -213.32184674 -211.01514674 -210.01764674 -210.01764674
494  -213.37745061 -211.06395061 -210.05325061 -210.05325061
495  -213.45932940 -211.13512940 -210.10522940 -210.10522940
496  -213.56961303 -211.22981303 -210.17421303 -210.17421303
497  -213.71092973 -211.34902973 -210.26092973 -210.26092973
498  -213.88619166 -211.49339166 -210.36559166 -210.36559166
499  -214.09820065 -211.66250065 -210.48730065 -210.48730065
500  -214.34888022 -211.85448022 -210.62388022 -210.62388022
501  -214.63808178 -212.06408178 -210.77028178 -210.77028178
502  -214.96148451 -212.28108451 -210.91748451 -210.91748451
503  -215.30738376 -212.48688376 -211.05068376 -211.05068376
504  -215.65179120 -212.65459120 -211.14739120 -211.14739120
505  -215.95286390 -212.76956390 -211.17636390 -211.17636390
506  -216.14931791 -212.81551791 -211.10211791 -211.10191791
507  -216.17386296 -212.72366296 -210.89476296 -210.89346296
508  -215.99829960 -212.48809960 -210.56019960 -210.55709960
509  -215.71015141 -212.18815141 -210.19465141 -210.19045141
510  -215.52112765 -212.01832765 -209.98572765 -209.98132765
511  -215.60795007 -212.09755007 -210.08095007 -210.07605007
512  -215.88613330 -212.36043330 -210.40593330 -210.40433330
513  -216.12673166 -212.64893166 -210.77423166 -210.77383166
514  -216.18254916 -212.79754916 -211.03734916 -211.03704916
515  -216.04510122 -212.79900122 -211.16180122 -211.16180122
516  -215.77494379 -212.70444379 -211.16834379 -211.16834379
517  -215.43942351 -212.55622351 -211.09302351 -211.09302351
518  -215.08865158 -212.36035158 -210.96975158 -210.96975158
519  -214.75306989 -212.14356989 -210.82476989 -210.82476989
520  -214.44851163 -211.92821163 -210.67571163 -210.67571163
521  -214.18165058 -211.72745058 -210.53375058 -210.53375058
522  -213.95388999 -211.54798999 -210.40508999 -210.40498999
523  -213.76388042 -211.39308042 -210.29288042 -210.29288042
524  -213.60898671 -211.26328671 -210.19858671 -210.19858671
525  -213.48622834 -211.15832834 -210.12212834 -210.12212834
526  -213.39279066 -211.07729066 -210.06309066 -210.06299066
527  -213.32629138 -211.01899138 -210.02049138 -210.02049138
528  -213.28492811 -210.98252811 -209.99382811 -209.99382811
529  -213.26754140 -210.96714140 -209.98264140 -209.98264140
530  -213.27363590 -210.97253590 -209.98653590 -209.98653590
531  -213.30338574 -210.99888574 -210.00578574 -210.00578574
532  -213.35763290 -211.04653290 -210.04063290 -210.04063290
533  -213.43787575 -211.11657575 -210.09167575 -210.09167575
534  -213.54623035 -211.20983035 -210.15973035 -210.15973035
535  -213.68532828 -211.32762828 -210.24542828 -210.24542828
536  -213.85811374 -211.47051374 -210.34901374 -210.34901374
537  -214.06747972 -211.63837972 -210.47007972 -210.47007972
538  -214.31553099 -211.82953099 -210.60623099 -210.60623099
539  -214.60243396 -212.03903396 -210.75293396 -210.75293396
540  -214.92441910 -212.25721910 -210.90161910 -210.90161910
541  -215.27065936 -212.46665936 -211.03795936 -211.03795936
542  -215.61846577 -212.64026577 -211.14026577 -211.14016577
543  -215.92756439 -212.76076439 -211.17746439 -211.17746439
544  -216.13764054 -212.81654054 -211.11404054 -211.11384054
545  -216.17975286 -212.73955286 -210.91825286 -210.91715286
546  -216.01826861 -212.50826861 -210.58986861 -210.58626861
547  -215.72550646 -212.20880646 -210.21290646 -210.20930646
548  -215.51202171 -212.00492171 -209.97502171 -209.96802171
549  -215.57640262 -212.06560262 -210.04510262 -210.03880262
550  -215.85499810 -212.33679810 -210.36789810 -210.36659810
551  -216.11248635 -212.62378635 -210.74528635 -210.74458635
552  -216.18553838 -212.79243838 -211.02313838 -211.02253838
553  -216.05886537 -212.80306537 -211.15766537 -211.15766537
554  -215.79268902 -212.71118902 -211.17048902 -211.17048902
555  -215.45646703 -212.56476703 -211.09806703 -211.09806703
556  -215.10245000 -212.36875000 -210.97525000 -210.97515000
557  -214.76254006 -212.14994006 -210.82914006 -210.82914006
558  -214.45339146 -211.93179146 -210.67829146 -210.67829146
559  -214.18208387 -211.72778387 -210.53398387 -210.53398387
560  -213.95017081 -211.54507081 -210.40287081 -210.40287081
561  -213.75633268 -211.38673268 -210.28843268 -210.28843268
562  -213.59788570 -211.25388570 -210.19178570 -210.19178570
563  -213.47175852 -211.14585852 -210.11305852 -210.11305852
564  -213.37503966 -211.06183966 -210.05173966 -210.05173966
565  -213.30524278 -211.00044278 -210.00694278 -210.00694278
566  -213.26045693 -210.96085693 -209.97805693 -209.97805693
567  -213.23941302 -210.94221302 -209.96441302 -209.96441302
568  -213.24150448 -210.94400448 -209.96580448 -209.96580448
569  -213.26679185 -210.96649185 -209.98219185 -209.98219185
570  -213.31600258 -211.01000258 -210.01390258 -210.01390258
571  -213.39052448 -211.07532448 -210.06162448 -210.06162448
572  -213.49237983 -211.16367983 -210.12607983 -210.12597983
573  -213.62414622 -211.27614622 -210.20794622 -210.20794622
574  -213.78878850 -211.41358850 -210.30788850 -210.30788850
575  -213.98936125 -211.57646125 -210.42546125 -210.42546125
576  -214.22838294 -211.76338294 -210.55928294 -210.55928294
577  -214.50679399 -211.97059399 -210.70539399 -210.70539399
578  -214.82226197 -212.19016197 -210.85646197 -210.85646197
579  -215.16633379 -212.40683379 -210.99993379 -210.99993379
580  -215.52003764 -212.59553764 -211.11593764 -211.11593764
581  -215.84805699 -212.73195699 -211.17565699 -211.17565699
582  -216.09435666 -212.81125666 -211.14335666 -211.14325666
583  -216.18818723 -212.77348723 -210.98318723 -210.98258723
584  -216.07687316 -212.57957316 -210.68137316 -210.68087316
585  -215.79697793 -212.27327793 -210.29507793 -210.29467793
586  -215.53891227 -212.03231227 -210.00521227 -209.99871227
587  -215.52788253 -212.02158253 -209.99308253 -209.98638253
588  -215.77500806 -212.25250806 -210.26900806 -210.26820806
589  -216.05874964 -212.55764964 -210.65214964 -210.65054964
590  -216.18689489 -212.76379489 -210.96139489 -210.96119489
591  -216.11119492 -212.81419492 -211.13399492 -211.13379492
592  -215.87789982 -212.74289982 -211.17719982 -211.17719982
593  -215.55701624 -212.61281624 -211.12551624 -211.12551624
594  -215.20594990 -212.42994990 -211.01474990 -211.01464990
595  -214.86167068 -212.21627068 -210.87407068 -210.87407068
596  -214.54441918 -211.99771918 -210.72431918 -210.72421918
597  -214.26346907 -211.79016907 -210.57836907 -210.57826907
598  -214.02167107 -211.60217107 -210.44397107 -210.44397107
599  -213.81836660 -211.43796660 -210.32546660 -210.32546660
600  -213.65120236 -211.29890236 -210.22460236 -210.22460236
601  -213.51721292 -211.18501292 -210.14161292 -210.14161292
602  -213.41345406 -211.09535406 -210.07615406 -210.07615406
603  -213.33734185 -211.02874185 -210.02764185 -210.02764185
604  -213.28683879 -210.98423879 -209.99513879 -209.99513879
605  -213.26053654 -210.96093654 -209.97813654 -209.97813654
606  -213.25768568 -210.95838568 -209.97628568 -209.97628568
607  -213.27820437 -210.97660437 -209.98950437 -209.98950437
608  -213.32267900 -211.01587900 -210.01817900 -210.01817900
609  -213.39235816 -211.07695816 -210.06275816 -210.06275816
610  -213.48913004 -211.16083004 -210.12403004 -210.12403004
611  -213.61545736 -211.26875736 -210.20255736 -210.20255736
612  -213.77422210 -211.40162210 -210.29912210 -210.29912210
613  -213.96842659 -211.55972659 -210.41342659 -210.41342659
614  -214.20065466 -211.74205466 -210.54415466 -210.54415466
615  -214.47210813 -211.94550813 -210.68780813 -210.68780813
616  -214.78102678 -212.16252678 -210.83762678 -210.83762678
617  -215.12004916 -212.37934916 -210.98214916 -210.98214916
618  -215.47212808 -212.57252808 -211.10262808 -211.10262808
619  -215.80492164 -212.71592164 -211.17192164 -211.17192164
620  -216.06596265 -212.80546265 -211.15526265 -211.15526265
621  -216.18642185 -212.79322185 -211.01742185 -211.01712185
622  -216.10848402 -212.61478402 -210.73718402 -210.73678402
623  -215.85050451 -212.33740451 -210.36270451 -210.36180451
624  -215.57899169 -212.05919169 -210.04379169 -210.04119169
625  -215.52489322 -212.00779322 -209.98489322 -209.98169322
626  -215.73961235 -212.22091235 -210.22721235 -210.22651235
627  -216.02865220 -212.52285220 -210.60525220 -210.60345220
628  -216.18194804 -212.74494804 -210.92804804 -210.92774804
629  -216.13215779 -212.81575779 -211.11875779 -211.11865779
630  -215.91702288 -212.75702288 -211.17772288 -211.17772288
631  -215.60559645 -212.63469645 -211.13729645 -211.13729645
632  -215.25742490 -212.45922490 -211.03332490 -211.03332490
633  -214.91197623 -212.24917623 -210.89617623 -210.89617623
634  -214.59136428 -212.03116428 -210.74746428 -210.74746428
635  -214.30606373 -211.82236373 -210.60116373 -210.60116373
636  -214.05964455 -211.63224455 -210.46564455 -210.46564455
637  -213.85183942 -211.46533942 -210.34533942 -210.34533942
638  -213.68050832 -211.32350832 -210.24250832 -210.24250832
639  -213.54274760 -211.20684760 -210.15754760 -210.15754760
640  -213.43562087 -211.11462087 -210.09022087 -210.09022087
641  -213.35652061 -211.04562061 -210.03992061 -210.03992061
642  -213.30335863 -210.99885863 -210.00575863 -210.00575863
643  -213.27466522 -210.97346522 -209.98726522 -209.98726522
644  -213.26962790 -210.96902790 -209.98402790 -209.98402790
645  -213.28810271 -210.98540271 -209.99590271 -209.99590271
646  -213.33061574 -211.02281574 -210.02331574 -210.02331574
647  -213.39835739 -211.08215739 -210.06655739 -210.06655739
648  -213.49315824 -211.16435824 -210.12655824 -210.12655824
649  -213.61741890 -211.27041890 -210.20381890 -210.20381890
650  -213.77396274 -211.40136274 -210.29896274 -210.29896274
651  -213.96577576 -211.55757576 -210.41187576 -210.41187576
652  -214.19544288 -211.73814288 -210.54134288 -210.54134288
653  -214.46420172 -211.93970172 -210.68380172 -210.68380172
654  -214.77044459 -212.15534459 -210.83274459 -210.83274459
655  -215.10713311 -212.37153311 -210.97703311 -210.97703311
656  -215.45782435 -212.56542434 -211.09852435 -211.09852435
657  -215.79117944 -212.71057944 -211.17037944 -211.17037944
658  -216.05607483 -212.80187483 -211.15857483 -211.15857483
659  -216.18474152 -212.79234152 -211.02714152 -211.02674152
660  -216.11846353 -212.64066353 -210.75786353 -210.75756353
661  -215.87218308 -212.34218308 -210.38718308 -210.38638308
662  -215.59773890 -212.09413890 -210.07003890 -210.06723890
663  -215.52370766 -212.02620766 -209.98880766 -209.98600766
664  -215.72313713 -212.20513713 -210.20983713 -210.20783713
665  -216.01050405 -212.49710405 -210.57620405 -210.57480405
666  -216.17732588 -212.73232588 -210.90782588 -210.90702588
667  -216.14333123 -212.81643123 -211.10853123 -211.10843123
668  -215.94020822 -212.76520822 -211.17700822 -211.17700822
669  -215.63571593 -212.64781593 -211.14401593 -211.14401593
670  -215.29036368 -212.47756368 -211.04486368 -211.04486368
671  -214.94504669 -212.27054669 -210.91044669 -210.91044669
672  -214.62303370 -212.05353370 -210.76293370 -210.76293370
673  -214.33557908 -211.84457908 -210.61687908 -210.61687908
674  -214.08673503 -211.65353503 -210.48093503 -210.48093503
675  -213.87650140 -211.48550140 -210.35990140 -210.35990140
676  -213.70291597 -211.34231597 -210.25611597 -210.25611597
677  -213.56313557 -211.22433557 -210.17023557 -210.17023557
678  -213.45423959 -211.13073959 -210.10203959 -210.10203959
679  -213.37362918 -211.06052918 -210.05082918 -210.05082918
680  -213.31920543 -211.01280543 -210.01600543 -210.01600543
681  -213.28947608 -210.98657608 -209.99677608 -209.99677608
682  -213.28360416 -210.98140416 -209.99300416 -209.99300416
683  -213.30142271 -210.99712271 -210.00452271 -210.00452271
684  -213.34343668 -211.03413668 -210.03153668 -210.03153668
685  -213.41081608 -211.09301608 -210.07451608 -210.07451608
686  -213.50536783 -211.17486783 -210.13416783 -210.13416783
687  -213.62946030 -211.28056030 -210.21126030 -210.21126030
688  -213.78588463 -211.41118463 -210.30608463 -210.30608463
689  -213.97759684 -211.56699684 -210.41869684 -210.41869684
690  -214.20711208 -211.74711208 -210.54771208 -210.54771208
691  -214.47558117 -211.94798117 -210.68958117 -210.68958117
692  -214.78129902 -212.16269902 -210.83779902 -210.83779902
693  -215.11707520 -212.37757520 -210.98097520 -210.98097520
694  -215.46629524 -212.56959524 -211.10089524 -211.10089524
695  -215.79747059 -212.71307059 -211.17107059 -211.17107059
696  -216.05951702 -212.80371702 -211.15751702 -211.15751702
697  -216.18519484 -212.79669484 -211.02549484 -211.02519484
698  -216.11706250 -212.62646250 -210.75406250 -210.75316250
699  -215.86959328 -212.35769328 -210.38689328 -210.38589328
700  -215.60044080 -212.07764080 -210.06674080 -210.06414080
701  -215.53738254 -212.01558254 -209.99708254 -209.99408254
702  -215.74024615 -212.22074615 -210.22744615 -210.22644615
703  -216.02435850 -212.52205850 -210.59965850 -210.59815850
704  -216.18049089 -212.73999089 -210.92069089 -210.92019089
705  -216.13675137 -212.81505137 -211.11465137 -211.11455137
706  -215.92734529 -212.76054529 -211.17744529 -211.17744529
707  -215.62009605 -212.64099605 -211.14059605 -211.14059605
708  -215.27448645 -212.46878645 -211.03938645 -211.03938645
709  -214.93036541 -212.26106541 -210.90416541 -210.90416541
710  -214.61026634 -212.04456634 -210.75676634 -210.75676634
711  -214.32499004 -211.83659004 -210.61129004 -210.61129004
712  -214.07834406 -211.64694406 -210.47614406 -210.47614406
713  -213.87021544 -211.48031544 -210.35621544 -210.35621544
714  -213.69856956 -211.33866956 -210.25346956 -210.25346956
715  -213.56058148 -211.22208148 -210.16868148 -210.16868148
716  -213.45336253 -211.12996253 -210.10146253 -210.10146253
717  -213.37433434 -211.06123434 -210.05123434 -210.05123434
718  -213.32143247 -211.01473247 -210.01743247 -210.01743247
719  -213.29320865 -210.98990865 -209.99920865 -209.99920865
720  -213.28887103 -210.98607103 -209.99637103 -209.99637103
721  -213.30829684 -211.00319684 -210.00889684 -210.00889684
722  -213.35203375 -211.04163375 -210.03703375 -210.03703375
723  -213.42129228 -211.10209228 -210.08119228 -210.08119228
724  -213.51791882 -211.18561882 -210.14201882 -210.14201882
725  -213.64432231 -211.29312231 -210.22032231 -210.22032231
726  -213.80331061 -211.42561061 -210.31651061 -210.31651061
727  -213.99778914 -211.58318914 -210.43038914 -210.43028914
728  -214.23019339 -211.76479339 -210.56029339 -210.56029339
729  -214.50151290 -211.96681290 -210.70271290 -210.70271290
730  -214.80966797 -212.18176797 -210.85076797 -210.85076797
731  -215.14687643 -212.39537643 -210.99247643 -210.99247643
732  -215.49553181 -212.58383181 -211.10923181 -211.10923181
733  -215.82272642 -212.72252642 -211.17362642 -211.17362642
734  -216.07586843 -212.80716843 -211.15156843 -211.15156843
735  -216.18736471 -212.78466471 -211.00816471 -211.00776471
736  -216.10310221 -212.61530221 -210.72760221 -210.72740221
737  -215.84876481 -212.32246481 -210.35916481 -210.35786481
738  -215.58785395 -212.08595395 -210.05935395 -210.05645395
739  -215.54283895 -212.04553895 -210.00983895 -210.00733895
740  -215.75841518 -212.23991518 -210.25171518 -210.25001518
741  -216.03700436 -212.52630436 -210.61580436 -210.61450436
742  -216.18308845 -212.74828845 -210.93468845 -210.93408845
743  -216.13026074 -212.81696074 -211.12046074 -211.12036074
744  -215.91589663 -212.75669663 -211.17769663 -211.17769663
745  -215.60724643 -212.63534643 -211.13764643 -211.13764643
746  -215.26251645 -212.46211645 -211.03511645 -211.03511645
747  -214.92046213 -212.25466213 -210.89986213 -210.89986213
748  -214.60291123 -212.03941123 -210.75311123 -210.75311123
749  -214.32027952 -211.83307952 -210.60877952 -210.60877952
750  -214.07618386 -211.64528386 -210.47498386 -210.47498386
751  -213.87044268 -211.48054268 -210.35634268 -210.35634268
752  -213.70101239 -211.34071239 -210.25491239 -210.25491239
753  -213.56509391 -211.22599391 -210.17149391 -210.17139391
754  -213.45984420 -211.13554420 -210.10554420 -210.10554420
755  -213.38274172 -211.06854172 -210.05664172 -210.05664172
756  -213.33178090 -211.02388090 -210.02408090 -210.02408090
757  -213.30557265 -211.00077265 -210.00717265 -210.00717265
758  -213.30338516 -210.99888516 -210.00578516 -210.00578516
759  -213.32515687 -211.01805687 -210.01975687 -210.01975687
760  -213.37149736 -211.05869736 -210.04949736 -210.04949736
761  -213.44367748 -211.12157748 -210.09537748 -210.09537748
762  -213.54359495 -211.20759495 -210.15809495 -210.15809495
763  -213.67368611 -211.31778611 -210.23828611 -210.23828611
764  -213.83675520 -211.45305520 -210.33645520 -210.33635520
765  -214.03565649 -211.61325649 -210.45195649 -210.45195649
766  -214.27263696 -211.79713696 -210.58323696 -210.58323696
767  -214.54833065 -212.00053065 -210.72623065 -210.72623065
768  -214.86000970 -212.21520970 -210.87330970 -210.87330970
769  -215.19879995 -212.42579995 -211.01209995 -211.01209995
770  -215.54536758 -212.60736758 -211.12256758 -211.12256758
771  -215.86443467 -212.73803467 -211.17663467 -211.17663467
772  -216.10115282 -212.81275282 -211.13975282 -211.13965282
773  -216.18806549 -212.77366549 -210.97876549 -210.97856549
774  -216.07840631 -212.58290631 -210.68490631 -210.68400631
775  -215.81272627 -212.29122627 -210.31392627 -210.31322627
776  -215.57506109 -212.05216109 -210.03986109 -210.03556109
777  -215.57031239 -212.04641239 -210.03421239 -210.03011239
778  -215.80316332 -212.28136332 -210.30196332 -210.30146332
779  -216.07161183 -212.57781183 -210.67421183 -210.67351183
780  -216.18767572 -212.77037572 -210.97097572 -210.97077572
781  -216.10690545 -212.81330545 -211.13640545 -211.13640545
782  -215.87421591 -212.74161591 -211.17701591 -211.17701591
783  -215.55706251 -212.61276251 -211.12556251 -211.12556251
784  -215.21088859 -212.43278859 -211.01648859 -211.01648859
785  -214.87158325 -212.22278325 -210.87848325 -210.87848325
786  -214.55892022 -212.00812022 -210.73152022 -210.73152022
787  -214.28204985 -211.80424985 -210.58834985 -210.58834985
788  -214.04385550 -211.61975550 -210.45665550 -210.45665550
789  -213.84378232 -211.45878232 -210.34058232 -210.34058232
790  -213.67964176 -211.32284176 -210.24194176 -210.24194176
791  -213.54857529 -211.21187529 -210.16117529 -210.16117529
792  -213.44776868 -211.12516868 -210.09796868 -210.09796868
793  -213.37478175 -211.06158175 -210.05158175 -210.05158175
794  -213.32770401 -211.02030401 -210.02140401 -210.02140401
795  -213.30524570 -211.00054570 -210.00694570 -210.00694570
796  -213.30677769 -211.00187769 -210.00797769 -210.00797769
797  -213.33234318 -211.02434318 -210.02444318 -210.02444318
798  -213.38265693 -211.06845693 -210.05655693 -210.05655693
799  -213.45909140 -211.13489140 -210.10509140 -210.10509140
800  -213.56363141 -211.22473141 -210.17053141 -210.17053141
801  -213.69877564 -211.33887564 -210.25357564 -210.25357564
802  -213.86736861 -211.47806861 -210.35446861 -210.35446861
803  -214.07223093 -211.64213093 -210.47273093 -210.47273093
804  -214.31540175 -211.82940175 -210.60620175 -210.60620175
805  -214.59712370 -212.03522370 -210.75032370 -210.75032370
806  -214.91388565 -212.25048565 -210.89698565 -210.89698565
807  -215.25545751 -212.45815751 -211.03265751 -211.03265751
808  -215.60031763 -212.63231763 -211.13611763 -211.13601763
809  -215.91014224 -212.75454224 -211.17774224 -211.17774224
810  -216.12714886 -212.81574886 -211.12284886 -211.12274886
811  -216.18403725 -212.75093725 -210.93983725 -210.93913725
812  -216.04261058 -212.53811058 -210.62641058 -210.62461058
813  -215.76527372 -212.24407372 -210.25827372 -210.25617372
814  -215.54914473 -212.04174473 -210.01424473 -210.01124473
815  -215.58922982 -212.08082982 -210.05862982 -210.05562982
816  -215.84787732 -212.32687732 -210.35877732 -210.35777732
817  -216.10113225 -212.60993225 -210.72393225 -210.72303225
818  -216.18764925 -212.78274925 -211.00464925 -211.00434925
819  -216.08004910 -212.80824910 -211.14984910 -211.14984910
820  -215.83069598 -212.72559598 -211.17429598 -211.17429598
821  -215.50641252 -212.58911252 -211.11221252 -211.11221252
822  -215.15970991 -212.40290991 -210.99740991 -210.99740991
823  -214.82369165 -212.19109165 -210.85709165 -210.85709165
824  -214.51619766 -211.97739766 -210.71009766 -210.71009766
825  -214.24520692 -211.77620692 -210.56840692 -210.56840692
826  -214.01294708 -211.59524708 -210.43904708 -210.43904708
827  -213.81854245 -211.43814245 -210.32564245 -210.32554245
828  -213.65963910 -211.30603910 -210.22973910 -210.22973910
829  -213.53337809 -211.19887809 -210.15167809 -210.15167809
830  -213.43699650 -211.11579650 -210.09109650 -210.09109650
831  -213.36812213 -211.05572213 -210.04732213 -210.04732213
832  -213.32493601 -211.01783601 -210.01963601 -210.01963601
833  -213.30625213 -211.00135213 -210.00765213 -210.00765213
834  -213.31154767 -211.00604767 -210.01104767 -210.01104767
835  -213.34097141 -211.03197141 -210.02997141 -210.02997141
836  -213.39534139 -211.07954139 -210.06464139 -210.06464139
837  -213.47612941 -211.14962941 -210.11582941 -210.11582941
838  -213.58541389 -211.24331389 -210.18401389 -210.18401389
839  -213.72576776 -211.36136776 -210.26996776 -210.26996776
840  -213.90004345 -211.50454345 -210.37364345 -210.37364345
841  -214.11097191 -211.67257191 -210.49447191 -210.49447191
842  -214.36039812 -211.86309812 -210.62999812 -210.62999812
843  -214.64809081 -212.07109081 -210.77509081 -210.77509081
844  -214.96966302 -212.28626302 -210.92096302 -210.92096302
845  -215.31338193 -212.49018193 -211.05278193 -211.05278193
846  -215.65535564 -212.65615564 -211.14815564 -211.14815564
847  -215.95410180 -212.77000180 -211.17630180 -211.17630180
848  -216.14915152 -212.81575152 -211.10225152 -211.10215152
849  -216.17448198 -212.72638198 -210.89688198 -210.89598198
850  -216.00339902 -212.49129902 -210.56709902 -210.56479902
851  -215.72152060 -212.20432060 -210.20812060 -210.20462060
852  -215.54108185 -212.02828185 -210.00378185 -210.00098185
853  -215.62992067 -212.11252067 -210.10282067 -210.09852067
854  -215.90283138 -212.38483138 -210.42893138 -210.42743138
855  -216.13288024 -212.65478024 -210.78718024 -210.78618024
856  -216.18122410 -212.80172410 -211.04282410 -211.04242410
857  -216.04180112 -212.79850112 -211.16270112 -211.16270112
858  -215.77343836 -212.70383836 -211.16813836 -211.16813836
859  -215.44150587 -212.55730587 -211.09370587 -211.09370587
860  -215.09481565 -212.36411565 -210.97221565 -210.97221565
861  -214.76316473 -212.15036473 -210.82946473 -210.82946473
862  -214.46214743 -211.93824743 -210.68274743 -210.68274743
863  -214.19840512 -211.74040512 -210.54290512 -210.54290512
864  -213.97340409 -211.56370409 -210.41630409 -210.41630409
865  -213.78589103 -211.41119103 -210.30609103 -210.30609103
866  -213.63335066 -211.28385066 -210.21365066 -210.21365066
867  -213.51291728 -211.18131728 -210.13891728 -210.13891728
868  -213.42188189 -211.10268189 -210.08158189 -210.08148189
869  -213.35796396 -211.04686396 -210.04076396 -210.04076396
870  -213.31945927 -211.01305927 -210.01615927 -210.01615927
871  -213.30530563 -211.00050563 -210.00700563 -210.00700563
872  -213.31510648 -211.00920648 -210.01330648 -210.01330648
873  -213.34913676 -211.03913676 -210.03513676 -210.03513676
874  -213.40833901 -211.09083901 -210.07293901 -210.07293901
875  -213.49430429 -211.16530429 -210.12720429 -210.12720429
876  -213.60921639 -211.26351639 -210.19871639 -210.19871639
877  -213.75572175 -211.38632175 -210.28802175 -210.28802175
878  -213.93668641 -211.53418641 -210.39508641 -210.39508641
879  -214.15474645 -211.70664645 -210.51884645 -210.51884645
880  -214.41146623 -211.90096623 -210.65666623 -210.65666623
881  -214.70602861 -212.11132861 -210.80272861 -210.80272861
882  -215.03295473 -212.32605473 -210.94725473 -210.94725473
883  -215.37863686 -212.52503686 -211.07423686 -211.07423686
884  -215.71627640 -212.68127640 -211.15957640 -211.15957640
885  -216.00067309 -212.78567309 -211.17127309 -211.17127309
886  -216.16858378 -212.81118378 -211.07438378 -211.07408378
887  -216.15674904 -212.69334904 -210.84294904 -210.84294904
888  -215.95345885 -212.43095885 -210.49415885 -210.49395885
889  -215.67086195 -212.15856195 -210.15006195 -210.14866195
890  -215.53200929 -212.03030929 -209.99550929 -209.99510929
891  -215.66720202 -212.15470202 -210.14570202 -210.14450202
892  -215.94916628 -212.42726628 -210.48866628 -210.48806628
893  -216.15490696 -212.69010696 -210.83830696 -210.83810696
894  -216.17003952 -212.81053952 -211.07163952 -211.07133952
895  -216.00494197 -212.78714197 -211.17054197 -211.17054197
896  -215.72232671 -212.68372671 -211.16062671 -211.16062671
897  -215.38553325 -212.52863325 -211.07643325 -211.07643325
898  -215.04004559 -212.33054559 -210.95014559 -210.95014559
899  -214.71292408 -212.11612408 -210.80602408 -210.80602408
900  -214.41796164 -211.90576164 -210.65996164 -210.65996164
901  -214.16075478 -211.71125478 -210.52215478 -210.52215478
902  -213.94219075 -211.53859075 -210.39829075 -210.39829075
903  -213.76074496 -211.39044496 -210.29104496 -210.29104496
904  -213.61380300 -211.26730300 -210.20160300 -210.20160300
905  -213.49850742 -211.16890742 -210.12990742 -210.12990742
906  -213.41221359 -211.09421359 -210.07541359 -210.07541359
907  -213.35273584 -211.04223584 -210.03743584 -210.03743584
908  -213.31847923 -211.01217923 -210.01547923 -210.01547923
909  -213.30849663 -211.00339663 -210.00909663 -210.00909663
910  -213.32250832 -211.01570832 -210.01810832 -210.01810832
911  -213.36090642 -211.04940642 -210.04270642 -210.04270642
912  -213.42474859 -211.10514859 -210.08334859 -210.08334859
913  -213.51573417 -211.18373417 -210.14063417 -210.14063417
914  -213.63613791 -211.28623791 -210.21533791 -210.21533791
915  -213.78866167 -211.41356167 -210.30776167 -210.30776167
916  -213.97616159 -211.56586159 -210.41786159 -210.41786159
917  -214.20113869 -211.74243869 -210.54443869 -210.54443869
918  -214.46482761 -211.94012761 -210.68412761 -210.68412761
919  -214.76573706 -212.15213706 -210.83063706 -210.83063706
920  -215.09719136 -212.36559136 -210.97309136 -210.97309136
921  -215.44355425 -212.55835425 -211.09425425 -211.09425425
922  -215.77499045 -212.70439045 -211.16839045 -211.16839045
923  -216.04268868 -212.79878868 -211.16248868 -211.16248868
924  -216.18138972 -212.80178972 -211.04228972 -211.04188972
925  -216.13256583 -212.65346583 -210.78626583 -210.78556583
926  -215.90264837 -212.38454837 -210.42834837 -210.42734837
927  -215.63126899 -212.11256899 -210.10346899 -210.10036899
928  -215.54388154 -212.03068154 -210.00638154 -210.00458154
929  -215.72267805 -212.20437805 -210.20867805 -210.20617805
930  -216.00359347 -212.49249347 -210.56729347 -210.56579347
931  -216.17435836 -212.72715836 -210.89645836 -210.89575836
932  -216.14955827 -212.81565827 -211.10175827 -211.10165827
933  -215.95534232 -212.77044232 -211.17624232 -211.17614232
934  -215.65738834 -212.65698834 -211.14858834 -211.14858834
935  -215.31604144 -212.49164144 -211.05364144 -211.05364144
936  -214.97277459 -212.28827459 -210.92227459 -210.92227459
937  -214.65151226 -212.07351226 -210.77671226 -210.77671226
938  -214.36402979 -211.86582979 -210.63182979 -210.63182979
939  -214.11474732 -211.67554732 -210.49664732 -210.49664732
940  -213.90392724 -211.50772724 -210.37592724 -210.37592724
941  -213.72974867 -211.36464867 -210.27234867 -210.27234867
942  -213.58949743 -211.24669743 -210.18659743 -210.18659743
943  -213.48033337 -211.15323337 -210.11843337 -210.11843337
944  -213.39969531 -211.08329531 -210.06739531 -210.06739531
945  -213.34551483 -211.03591483 -210.03281483 -210.03281483
946  -213.31632891 -211.01022891 -210.01412891 -210.01412891
947  -213.31132795 -211.00582795 -210.01092795 -210.01092795
948  -213.33037181 -211.02267181 -210.02317181 -210.02317181
949  -213.37399203 -211.06089203 -210.05109203 -210.05109203
950  -213.44338285 -211.12128285 -210.09518285 -210.09518285
951  -213.54036937 -211.20486937 -210.15606937 -210.15606937
952  -213.66732509 -211.31252509 -210.23442509 -210.23442509
953  -213.82700782 -211.44500782 -210.33060782 -210.33060782
954  -214.02225931 -211.60265931 -210.44435931 -210.44435931
955  -214.25538696 -211.78398696 -210.57398696 -210.57398696
956  -214.52718522 -211.98538522 -210.71568522 -210.71568522
957  -214.83528073 -212.19888073 -210.86228073 -210.86228073
958  -215.17146250 -212.40986250 -211.00186250 -211.00186250
959  -215.51753108 -212.59433108 -211.11523108 -211.11523108
960  -215.83990124 -212.72900124 -211.17510124 -211.17510124
961  -216.08563138 -212.80973138 -211.14743138 -211.14743138
962  -216.18800281 -212.78020281 -210.99870281 -210.99830281
963  -216.09611396 -212.60111396 -210.71411396 -210.71361396
964  -215.84062798 -212.32312798 -210.35012798 -210.34982798
965  -215.58613318 -212.07583318 -210.05493318 -210.05123318
966  -215.55468989 -212.04518989 -210.02018989 -210.01648989
967  -215.77557763 -212.25617763 -210.27017763 -210.26937763
968  -216.04997331 -212.54497331 -210.63727331 -210.63627331
969  -216.18515201 -212.75545201 -210.94685201 -210.94675201
970  -216.12297068 -212.81577068 -211.12597068 -211.12597068
971  -215.90274530 -212.75194530 -211.17774530 -211.17774530
972  -215.59166376 -212.62846376 -211.13406376 -211.13406376
973  -215.24688918 -212.45328918 -211.02958918 -211.02958918
974  -214.90615921 -212.24545921 -210.89365921 -210.89365921
975  -214.59059391 -212.03059391 -210.74709391 -210.74709391
976  -214.31018784 -211.82548784 -210.60338784 -210.60338784
977  -214.06832406 -211.63912406 -210.47052406 -210.47052406
978  -213.86470365 -211.47590365 -210.35290365 -210.35290365
979  -213.69726770 -211.33756770 -210.25266770 -210.25266770
980  -213.56319780 -211.22429780 -210.17029780 -210.17029780
981  -213.45966552 -211.13546552 -210.10546552 -210.10546552
982  -213.38419463 -211.06979463 -210.05759463 -210.05759463
983  -213.33482604 -211.02652604 -210.02602604 -210.02602604
984  -213.31021423 -211.00491423 -210.01021423 -210.01021423
985  -213.30967198 -211.00437198 -210.00987198 -210.00987198
986  -213.33318406 -211.02508406 -210.02498406 -210.02498406
987  -213.38140745 -211.06740745 -210.05580745 -210.05580745
988  -213.45565849 -211.13195849 -210.10295849 -210.10295849
989  -213.55787010 -211.21977010 -210.16697010 -210.16697010
990  -213.69049763 -211.33189763 -210.24859763 -210.24859763
991  -213.85635928 -211.46905928 -210.34795928 -210.34795928
992  -214.05828818 -211.63118818 -210.46488818 -210.46488818
993  -214.29839517 -211.81659517 -210.59709517 -210.59709517
994  -214.57709146 -212.02109146 -210.74049146 -210.74049146
995  -214.89121725 -212.23571725 -210.88711725 -210.88711725
996  -215.23116188 -212.44436188 -211.02396188 -211.02396188
997  -215.57642379 -212.62162379 -211.13032379 -211.13032379
998  -215.89012516 -212.74732516 -211.17752516 -211.17752516
999  -216.11592391 -212.81432391 -211.13082391 -211.13072391
1000  -216.18656013 -212.76246013 -210.95796013 -210.95766013
