#  Overlap between R and R+dR : i_AO_R, j_AO_R+dR, S_ij
1 1 1.0
1 2 0.0
1 3 0.0
1 4 0.0
1 5 0.406914
1 6 -0.416933
1 7 0.0
1 8 0.0
1 9 0.0808371
1 10 -0.0995314
1 11 -0.0574422
1 12 0.0
1 13 0.037778
1 14 -0.029299
1 15 -0.0507468
1 16 2.51816e-05
1 17 0.0808406
1 18 -1.04164e-05
1 19 -0.114922
1 20 7.98116e-05
1 21 0.40708
1 22 0.208511
1 23 -0.361174
1 24 0.000203912
1 25 0.513022
1 26 0.113679
1 27 0.00924829
1 28 0.00289966
1 29 0.00925202
1 30 0.113688
1 31 1.0
1 32 0.0
1 33 0.0
1 34 0.0
1 35 0.406914
1 36 -0.416933
1 37 0.0
1 38 0.0
1 39 0.0808371
1 40 -0.0995314
1 41 -0.0574422
1 42 0.0
1 43 0.037778
1 44 -0.029299
1 45 -0.0507468
1 46 2.51816e-05
1 47 0.0808406
1 48 -1.04164e-05
1 49 -0.114922
1 50 7.98116e-05
1 51 0.40708
1 52 0.208511
1 53 -0.361174
1 54 0.000203912
1 55 0.513022
1 56 0.113679
1 57 0.00924829
1 58 0.00289966
1 59 0.00925202
1 60 0.113688
2 1 0.0
2 2 1.0
2 3 0.0
2 4 0.0
2 5 0.416933
2 6 -0.327152
2 7 0.0
2 8 0.0
2 9 0.0995314
2 10 -0.101841
2 11 -0.0789663
2 12 0.0
2 13 0.029299
2 14 -0.00966574
2 15 -0.0428188
2 16 2.12476e-05
2 17 1.04164e-05
2 18 0.0349878
2 19 -1.65331e-05
2 20 0.0
2 21 -0.208511
2 22 0.103323
2 23 0.248508
2 24 -0.000140303
2 25 -0.242844
2 26 0.130712
2 27 0.0141631
2 28 0.0025678
2 29 -0.0024407
2 30 -0.120797
2 31 0.0
2 32 1.0
2 33 0.0
2 34 0.0
2 35 0.416933
2 36 -0.327152
2 37 0.0
2 38 0.0
2 39 0.0995314
2 40 -0.101841
2 41 -0.0789663
2 42 0.0
2 43 0.029299
2 44 -0.00966574
2 45 -0.0428188
2 46 2.12476e-05
2 47 1.04164e-05
2 48 0.0349878
2 49 -1.65331e-05
2 50 0.0
2 51 -0.208511
2 52 0.103323
2 53 0.248508
2 54 -0.000140303
2 55 -0.242844
2 56 0.130712
2 57 0.0141631
2 58 0.0025678
2 59 -0.0024407
2 60 -0.120797
3 1 0.0
3 2 0.0
3 3 1.0
3 4 0.0
3 5 0.0
3 6 0.0
3 7 0.246654
3 8 0.0
3 9 0.0574422
3 10 -0.0789663
3 11 -0.0105875
3 12 0.0
3 13 0.0507468
3 14 -0.0428188
3 15 -0.0591076
3 16 3.68015e-05
3 17 0.114922
3 18 -1.65331e-05
3 19 -0.147419
3 20 0.000126678
3 21 0.361174
3 22 0.248508
3 23 -0.183666
3 24 0.000243027
3 25 -0.420665
3 26 -0.0640238
3 27 0.00535859
3 28 0.00444643
3 29 0.0149507
3 30 0.0812147
3 31 0.0
3 32 0.0
3 33 1.0
3 34 0.0
3 35 0.0
3 36 0.0
3 37 0.246654
3 38 0.0
3 39 0.0574422
3 40 -0.0789663
3 41 -0.0105875
3 42 0.0
3 43 0.0507468
3 44 -0.0428188
3 45 -0.0591076
3 46 3.68015e-05
3 47 0.114922
3 48 -1.65331e-05
3 49 -0.147419
3 50 0.000126678
3 51 0.361174
3 52 0.248508
3 53 -0.183666
3 54 0.000243027
3 55 -0.420665
3 56 -0.0640238
3 57 0.00535859
3 58 0.00444643
3 59 0.0149507
3 60 0.0812147
4 1 0.0
4 2 0.0
4 3 0.0
4 4 1.0
4 5 0.0
4 6 0.0
4 7 0.0
4 8 0.246654
4 9 0.0
4 10 0.0
4 11 0.0
4 12 0.0349861
4 13 -2.51816e-05
4 14 2.12476e-05
4 15 3.68015e-05
4 16 0.015056
4 17 -7.98116e-05
4 18 0.0
4 19 0.000126678
4 20 0.0349877
4 21 -0.000203912
4 22 -0.000140303
4 23 0.000243027
4 24 0.24679
4 25 0.000198778
4 26 8.83885e-05
4 27 2.81276e-06
4 28 -1.66061e-06
4 29 -1.16775e-05
4 30 -5.79453e-05
4 31 0.0
4 32 0.0
4 33 0.0
4 34 1.0
4 35 0.0
4 36 0.0
4 37 0.0
4 38 0.246654
4 39 0.0
4 40 0.0
4 41 0.0
4 42 0.0349861
4 43 -2.51816e-05
4 44 2.12476e-05
4 45 3.68015e-05
4 46 0.015056
4 47 -7.98116e-05
4 48 0.0
4 49 0.000126678
4 50 0.0349877
4 51 -0.000203912
4 52 -0.000140303
4 53 0.000243027
4 54 0.24679
4 55 0.000198778
4 56 8.83885e-05
4 57 2.81276e-06
4 58 -1.66061e-06
4 59 -1.16775e-05
4 60 -5.79453e-05
5 1 0.406914
5 2 0.416933
5 3 0.0
5 4 0.0
5 5 1.0
5 6 0.0
5 7 0.0
5 8 0.0
5 9 0.407138
5 10 -0.208594
5 11 -0.36117
5 12 0.0
5 13 0.0808286
5 14 5.51648e-06
5 15 -0.114907
5 16 5.70194e-05
5 17 0.0377876
5 18 0.0293048
5 19 -0.050759
5 20 3.52513e-05
5 21 0.0808406
5 22 0.0995287
5 23 -0.0574556
5 24 3.24383e-05
5 25 0.113652
5 26 0.512997
5 27 0.113687
5 28 0.00925268
5 29 0.00289994
5 30 0.00925045
5 31 0.406914
5 32 0.416933
5 33 0.0
5 34 0.0
5 35 1.0
5 36 0.0
5 37 0.0
5 38 0.0
5 39 0.407138
5 40 -0.208594
5 41 -0.36117
5 42 0.0
5 43 0.0808286
5 44 5.51648e-06
5 45 -0.114907
5 46 5.70194e-05
5 47 0.0377876
5 48 0.0293048
5 49 -0.050759
5 50 3.52513e-05
5 51 0.0808406
5 52 0.0995287
5 53 -0.0574556
5 54 3.24383e-05
5 55 0.113652
5 56 0.512997
5 57 0.113687
5 58 0.00925268
5 59 0.00289994
5 60 0.00925045
6 1 -0.416933
6 2 -0.327152
6 3 0.0
6 4 0.0
6 5 0.0
6 6 1.0
6 7 0.0
6 8 0.0
6 9 0.208594
6 10 0.103272
6 11 -0.248577
6 12 0.0
6 13 -5.51648e-06
6 14 0.0349819
6 15 8.75596e-06
6 16 0.0
6 17 -0.0293048
6 18 -0.00966519
6 19 0.0428269
6 20 -2.97426e-05
6 21 -0.0995287
6 22 -0.101826
6 23 0.0789793
6 24 -4.45902e-05
6 25 -0.130694
6 26 0.242716
6 27 0.12081
6 28 0.00244169
6 29 -0.00256782
6 30 -0.0141656
6 31 -0.416933
6 32 -0.327152
6 33 0.0
6 34 0.0
6 35 0.0
6 36 1.0
6 37 0.0
6 38 0.0
6 39 0.208594
6 40 0.103272
6 41 -0.248577
6 42 0.0
6 43 -5.51648e-06
6 44 0.0349819
6 45 8.75596e-06
6 46 0.0
6 47 -0.0293048
6 48 -0.00966519
6 49 0.0428269
6 50 -2.97426e-05
6 51 -0.0995287
6 52 -0.101826
6 53 0.0789793
6 54 -4.45902e-05
6 55 -0.130694
6 56 0.242716
6 57 0.12081
6 58 0.00244169
6 59 -0.00256782
6 60 -0.0141656
7 1 0.0
7 2 0.0
7 3 0.246654
7 4 0.0
7 5 0.0
7 6 0.0
7 7 1.0
7 8 0.0
7 9 0.36117
7 10 -0.248577
7 11 -0.18356
7 12 0.0
7 13 0.114907
7 14 8.75596e-06
7 15 -0.147403
7 16 9.05034e-05
7 17 0.050759
7 18 0.0428269
7 19 -0.0591205
7 20 5.15173e-05
7 21 0.0574556
7 22 0.0789793
7 23 -0.0106051
7 24 2.57409e-05
7 25 -0.0639934
7 26 -0.420722
7 27 0.0811912
7 28 0.0149515
7 29 0.00444696
7 30 0.00536136
7 31 0.0
7 32 0.0
7 33 0.246654
7 34 0.0
7 35 0.0
7 36 0.0
7 37 1.0
7 38 0.0
7 39 0.36117
7 40 -0.248577
7 41 -0.18356
7 42 0.0
7 43 0.114907
7 44 8.75596e-06
7 45 -0.147403
7 46 9.05034e-05
7 47 0.050759
7 48 0.0428269
7 49 -0.0591205
7 50 5.15173e-05
7 51 0.0574556
7 52 0.0789793
7 53 -0.0106051
7 54 2.57409e-05
7 55 -0.0639934
7 56 -0.420722
7 57 0.0811912
7 58 0.0149515
7 59 0.00444696
7 60 0.00536136
8 1 0.0
8 2 0.0
8 3 0.0
8 4 0.246654
8 5 0.0
8 6 0.0
8 7 0.0
8 8 1.0
8 9 0.0
8 10 0.0
8 11 0.0
8 12 0.246839
8 13 -5.70194e-05
8 14 0.0
8 15 9.05034e-05
8 16 0.0349819
8 17 -3.52513e-05
8 18 -2.97426e-05
8 19 5.15173e-05
8 20 0.0150602
8 21 -3.24383e-05
8 22 -4.45902e-05
8 23 2.57409e-05
8 24 0.0349878
8 25 3.02389e-05
8 26 0.000580832
8 27 4.26179e-05
8 28 -5.58396e-06
8 29 -3.47338e-06
8 30 -3.82524e-06
8 31 0.0
8 32 0.0
8 33 0.0
8 34 0.246654
8 35 0.0
8 36 0.0
8 37 0.0
8 38 1.0
8 39 0.0
8 40 0.0
8 41 0.0
8 42 0.246839
8 43 -5.70194e-05
8 44 0.0
8 45 9.05034e-05
8 46 0.0349819
8 47 -3.52513e-05
8 48 -2.97426e-05
8 49 5.15173e-05
8 50 0.0150602
8 51 -3.24383e-05
8 52 -4.45902e-05
8 53 2.57409e-05
8 54 0.0349878
8 55 3.02389e-05
8 56 0.000580832
8 57 4.26179e-05
8 58 -5.58396e-06
8 59 -3.47338e-06
8 60 -3.82524e-06
9 1 0.0808371
9 2 0.0995314
9 3 0.0574422
9 4 0.0
9 5 0.407138
9 6 0.208594
9 7 0.36117
9 8 0.0
9 9 1.0
9 10 0.0
9 11 0.0
9 12 0.0
9 13 0.40678
9 14 0.208405
9 15 -0.361009
9 16 0.000358169
9 17 0.0808138
9 18 0.0994897
9 19 -0.0574565
9 20 7.97828e-05
9 21 0.0377767
9 22 0.0585958
9 23 -4.72533e-06
9 24 1.4323e-05
9 25 0.0092535
9 26 0.113695
9 27 0.512983
9 28 0.113628
9 29 0.00924236
9 30 0.00290011
9 31 0.0808371
9 32 0.0995314
9 33 0.0574422
9 34 0.0
9 35 0.407138
9 36 0.208594
9 37 0.36117
9 38 0.0
9 39 1.0
9 40 0.0
9 41 0.0
9 42 0.0
9 43 0.40678
9 44 0.208405
9 45 -0.361009
9 46 0.000358169
9 47 0.0808138
9 48 0.0994897
9 49 -0.0574565
9 50 7.97828e-05
9 51 0.0377767
9 52 0.0585958
9 53 -4.72533e-06
9 54 1.4323e-05
9 55 0.0092535
9 56 0.113695
9 57 0.512983
9 58 0.113628
9 59 0.00924236
9 60 0.00290011
10 1 -0.0995314
10 2 -0.101841
10 3 -0.0789663
10 4 0.0
10 5 -0.208594
10 6 0.103272
10 7 -0.248577
10 8 0.0
10 9 0.0
10 10 1.0
10 11 0.0
10 12 0.0
10 13 -0.208405
10 14 0.103141
10 15 0.24841
10 16 -0.000246456
10 17 -0.0994897
10 18 -0.101775
10 19 0.0789747
10 20 -0.000109662
10 21 -0.0585958
10 22 -0.0838272
10 23 7.97418e-06
10 24 -2.41706e-05
10 25 -0.0117303
10 26 -0.00995153
10 27 0.485707
10 28 -0.00990615
10 29 -0.0117161
10 30 -0.00513537
10 31 -0.0995314
10 32 -0.101841
10 33 -0.0789663
10 34 0.0
10 35 -0.208594
10 36 0.103272
10 37 -0.248577
10 38 0.0
10 39 0.0
10 40 1.0
10 41 0.0
10 42 0.0
10 43 -0.208405
10 44 0.103141
10 45 0.24841
10 46 -0.000246456
10 47 -0.0994897
10 48 -0.101775
10 49 0.0789747
10 50 -0.000109662
10 51 -0.0585958
10 52 -0.0838272
10 53 7.97418e-06
10 54 -2.41706e-05
10 55 -0.0117303
10 56 -0.00995153
10 57 0.485707
10 58 -0.00990615
10 59 -0.0117161
10 60 -0.00513537
11 1 -0.0574422
11 2 -0.0789663
11 3 -0.0105875
11 4 0.0
11 5 -0.36117
11 6 -0.248577
11 7 -0.18356
11 8 0.0
11 9 0.0
11 10 0.0
11 11 1.0
11 12 0.0
11 13 0.361009
11 14 0.24841
11 15 -0.183763
11 16 0.000426922
11 17 0.0574565
11 18 0.0789747
11 19 -0.0106341
11 20 6.33313e-05
11 21 4.72533e-06
11 22 7.97418e-06
11 23 0.0150554
11 24 0.0
11 25 -0.00958891
11 26 -0.145227
11 27 3.53344e-05
11 28 0.145155
11 29 0.0095796
11 30 0.0
11 31 -0.0574422
11 32 -0.0789663
11 33 -0.0105875
11 34 0.0
11 35 -0.36117
11 36 -0.248577
11 37 -0.18356
11 38 0.0
11 39 0.0
11 40 0.0
11 41 1.0
11 42 0.0
11 43 0.361009
11 44 0.24841
11 45 -0.183763
11 46 0.000426922
11 47 0.0574565
11 48 0.0789747
11 49 -0.0106341
11 50 6.33313e-05
11 51 4.72533e-06
11 52 7.97418e-06
11 53 0.0150554
11 54 0.0
11 55 -0.00958891
11 56 -0.145227
11 57 3.53344e-05
11 58 0.145155
11 59 0.0095796
11 60 0.0
12 1 0.0
12 2 0.0
12 3 0.0
12 4 0.0349861
12 5 0.0
12 6 0.0
12 7 0.0
12 8 0.246839
12 9 0.0
12 10 0.0
12 11 0.0
12 12 1.0
12 13 -0.000358169
12 14 -0.000246456
12 15 0.000426922
12 16 0.246544
12 17 -7.97828e-05
12 18 -0.000109662
12 19 6.33313e-05
12 20 0.0349746
12 21 -1.4323e-05
12 22 -2.41706e-05
12 23 0.0
12 24 0.0150554
12 25 1.99763e-06
12 26 8.84028e-05
12 27 0.000280025
12 28 -8.45141e-05
12 29 -1.16646e-05
12 30 -1.13806e-06
12 31 0.0
12 32 0.0
12 33 0.0
12 34 0.0349861
12 35 0.0
12 36 0.0
12 37 0.0
12 38 0.246839
12 39 0.0
12 40 0.0
12 41 0.0
12 42 1.0
12 43 -0.000358169
12 44 -0.000246456
12 45 0.000426922
12 46 0.246544
12 47 -7.97828e-05
12 48 -0.000109662
12 49 6.33313e-05
12 50 0.0349746
12 51 -1.4323e-05
12 52 -2.41706e-05
12 53 0.0
12 54 0.0150554
12 55 1.99763e-06
12 56 8.84028e-05
12 57 0.000280025
12 58 -8.45141e-05
12 59 -1.16646e-05
12 60 -1.13806e-06
13 1 0.037778
13 2 0.029299
13 3 0.0507468
13 4 -2.51816e-05
13 5 0.0808286
13 6 -5.51648e-06
13 7 0.114907
13 8 -5.70194e-05
13 9 0.40678
13 10 -0.208405
13 11 0.361009
13 12 -0.000358169
13 13 1.0
13 14 0.0
13 15 0.0
13 16 0.0
13 17 0.407082
13 18 0.417042
13 19 2.33214e-05
13 20 0.000143217
13 21 0.0808323
13 22 0.0995121
13 23 0.0574638
13 24 -2.45876e-05
13 25 0.00290017
13 26 0.00924644
13 27 0.113603
13 28 0.512983
13 29 0.113657
13 30 0.00925322
13 31 0.037778
13 32 0.029299
13 33 0.0507468
13 34 -2.51816e-05
13 35 0.0808286
13 36 -5.51648e-06
13 37 0.114907
13 38 -5.70194e-05
13 39 0.40678
13 40 -0.208405
13 41 0.361009
13 42 -0.000358169
13 43 1.0
13 44 0.0
13 45 0.0
13 46 0.0
13 47 0.407082
13 48 0.417042
13 49 2.33214e-05
13 50 0.000143217
13 51 0.0808323
13 52 0.0995121
13 53 0.0574638
13 54 -2.45876e-05
13 55 0.00290017
13 56 0.00924644
13 57 0.113603
13 58 0.512983
13 59 0.113657
13 60 0.00925322
14 1 -0.029299
14 2 -0.00966574
14 3 -0.0428188
14 4 2.12476e-05
14 5 5.51648e-06
14 6 0.0349819
14 7 8.75596e-06
14 8 0.0
14 9 0.208405
14 10 0.103141
14 11 0.24841
14 12 -0.000246456
14 13 0.0
14 14 1.0
14 15 0.0
14 16 0.0
14 17 -0.417042
14 18 -0.327133
14 19 -3.20945e-05
14 20 -0.000197093
14 21 -0.0995121
14 22 -0.101798
14 23 -0.0789852
14 24 3.37961e-05
14 25 -0.0025677
14 26 0.00243791
14 27 0.120717
14 28 0.243012
14 29 -0.130702
14 30 -0.0141695
14 31 -0.029299
14 32 -0.00966574
14 33 -0.0428188
14 34 2.12476e-05
14 35 5.51648e-06
14 36 0.0349819
14 37 8.75596e-06
14 38 0.0
14 39 0.208405
14 40 0.103141
14 41 0.24841
14 42 -0.000246456
14 43 0.0
14 44 1.0
14 45 0.0
14 46 0.0
14 47 -0.417042
14 48 -0.327133
14 49 -3.20945e-05
14 50 -0.000197093
14 51 -0.0995121
14 52 -0.101798
14 53 -0.0789852
14 54 3.37961e-05
14 55 -0.0025677
14 56 0.00243791
14 57 0.120717
14 58 0.243012
14 59 -0.130702
14 60 -0.0141695
15 1 -0.0507468
15 2 -0.0428188
15 3 -0.0591076
15 4 3.68015e-05
15 5 -0.114907
15 6 8.75596e-06
15 7 -0.147403
15 8 9.05034e-05
15 9 -0.361009
15 10 0.24841
15 11 -0.183763
15 12 0.000426922
15 13 0.0
15 14 0.0
15 15 1.0
15 16 0.0
15 17 -2.33214e-05
15 18 -3.20945e-05
15 19 0.246792
15 20 0.0
15 21 -0.0574638
15 22 -0.0789852
15 23 -0.0106267
15 24 1.95158e-05
15 25 -0.00444748
15 26 -0.0149425
15 27 -0.0811638
15 28 0.420543
15 29 0.0639888
15 30 -0.00536279
15 31 -0.0507468
15 32 -0.0428188
15 33 -0.0591076
15 34 3.68015e-05
15 35 -0.114907
15 36 8.75596e-06
15 37 -0.147403
15 38 9.05034e-05
15 39 -0.361009
15 40 0.24841
15 41 -0.183763
15 42 0.000426922
15 43 0.0
15 44 0.0
15 45 1.0
15 46 0.0
15 47 -2.33214e-05
15 48 -3.20945e-05
15 49 0.246792
15 50 0.0
15 51 -0.0574638
15 52 -0.0789852
15 53 -0.0106267
15 54 1.95158e-05
15 55 -0.00444748
15 56 -0.0149425
15 57 -0.0811638
15 58 0.420543
15 59 0.0639888
15 60 -0.00536279
16 1 2.51816e-05
16 2 2.12476e-05
16 3 3.68015e-05
16 4 0.015056
16 5 5.70194e-05
16 6 0.0
16 7 9.05034e-05
16 8 0.0349819
16 9 0.000358169
16 10 -0.000246456
16 11 0.000426922
16 12 0.246544
16 13 0.0
16 14 0.0
16 15 0.0
16 16 1.0
16 17 -0.000143217
16 18 -0.000197093
16 19 0.0
16 20 0.246792
16 21 2.45876e-05
16 22 3.37961e-05
16 23 1.95158e-05
16 24 0.0349837
16 25 2.17715e-06
16 26 1.11511e-05
16 27 0.000123113
16 28 -2.60591e-05
16 29 -9.62315e-05
16 30 1.49595e-06
16 31 2.51816e-05
16 32 2.12476e-05
16 33 3.68015e-05
16 34 0.015056
16 35 5.70194e-05
16 36 0.0
16 37 9.05034e-05
16 38 0.0349819
16 39 0.000358169
16 40 -0.000246456
16 41 0.000426922
16 42 0.246544
16 43 0.0
16 44 0.0
16 45 0.0
16 46 1.0
16 47 -0.000143217
16 48 -0.000197093
16 49 0.0
16 50 0.246792
16 51 2.45876e-05
16 52 3.37961e-05
16 53 1.95158e-05
16 54 0.0349837
16 55 2.17715e-06
16 56 1.11511e-05
16 57 0.000123113
16 58 -2.60591e-05
16 59 -9.62315e-05
16 60 1.49595e-06
17 1 0.0808406
17 2 1.04164e-05
17 3 0.114922
17 4 -7.98116e-05
17 5 0.0377876
17 6 -0.0293048
17 7 0.050759
17 8 -3.52513e-05
17 9 0.0808138
17 10 -0.0994897
17 11 0.0574565
17 12 -7.97828e-05
17 13 0.407082
17 14 -0.417042
17 15 -2.33214e-05
17 16 -0.000143217
17 17 1.0
17 18 0.0
17 19 0.0
17 20 0.0
17 21 0.406925
17 22 0.20848
17 23 0.361075
17 24 -0.000297657
17 25 0.00925101
17 26 0.00290072
17 27 0.00924872
17 28 0.113642
17 29 0.512938
17 30 0.113668
17 31 0.0808406
17 32 1.04164e-05
17 33 0.114922
17 34 -7.98116e-05
17 35 0.0377876
17 36 -0.0293048
17 37 0.050759
17 38 -3.52513e-05
17 39 0.0808138
17 40 -0.0994897
17 41 0.0574565
17 42 -7.97828e-05
17 43 0.407082
17 44 -0.417042
17 45 -2.33214e-05
17 46 -0.000143217
17 47 1.0
17 48 0.0
17 49 0.0
17 50 0.0
17 51 0.406925
17 52 0.20848
17 53 0.361075
17 54 -0.000297657
17 55 0.00925101
17 56 0.00290072
17 57 0.00924872
17 58 0.113642
17 59 0.512938
17 60 0.113668
18 1 -1.04164e-05
18 2 0.0349878
18 3 -1.65331e-05
18 4 0.0
18 5 0.0293048
18 6 -0.00966519
18 7 0.0428269
18 8 -2.97426e-05
18 9 0.0994897
18 10 -0.101775
18 11 0.0789747
18 12 -0.000109662
18 13 0.417042
18 14 -0.327133
18 15 -3.20945e-05
18 16 -0.000197093
18 17 0.0
18 18 1.0
18 19 0.0
18 20 0.0
18 21 -0.20848
18 22 0.103197
18 23 -0.248476
18 24 0.000204835
18 25 -0.00244075
18 26 0.00256773
18 27 0.0141628
18 28 0.130688
18 29 -0.242947
18 30 -0.120787
18 31 -1.04164e-05
18 32 0.0349878
18 33 -1.65331e-05
18 34 0.0
18 35 0.0293048
18 36 -0.00966519
18 37 0.0428269
18 38 -2.97426e-05
18 39 0.0994897
18 40 -0.101775
18 41 0.0789747
18 42 -0.000109662
18 43 0.417042
18 44 -0.327133
18 45 -3.20945e-05
18 46 -0.000197093
18 47 0.0
18 48 1.0
18 49 0.0
18 50 0.0
18 51 -0.20848
18 52 0.103197
18 53 -0.248476
18 54 0.000204835
18 55 -0.00244075
18 56 0.00256773
18 57 0.0141628
18 58 0.130688
18 59 -0.242947
18 60 -0.120787
19 1 -0.114922
19 2 -1.65331e-05
19 3 -0.147419
19 4 0.000126678
19 5 -0.050759
19 6 0.0428269
19 7 -0.0591205
19 8 5.15173e-05
19 9 -0.0574565
19 10 0.0789747
19 11 -0.0106341
19 12 6.33313e-05
19 13 2.33214e-05
19 14 -3.20945e-05
19 15 0.246792
19 16 0.0
19 17 0.0
19 18 0.0
19 19 1.0
19 20 0.0
19 21 -0.361075
19 22 -0.248476
19 23 -0.183684
19 24 0.000354762
19 25 -0.0149491
19 26 -0.00444851
19 27 -0.00536116
19 28 0.0639804
19 29 0.420551
19 30 -0.081189
19 31 -0.114922
19 32 -1.65331e-05
19 33 -0.147419
19 34 0.000126678
19 35 -0.050759
19 36 0.0428269
19 37 -0.0591205
19 38 5.15173e-05
19 39 -0.0574565
19 40 0.0789747
19 41 -0.0106341
19 42 6.33313e-05
19 43 2.33214e-05
19 44 -3.20945e-05
19 45 0.246792
19 46 0.0
19 47 0.0
19 48 0.0
19 49 1.0
19 50 0.0
19 51 -0.361075
19 52 -0.248476
19 53 -0.183684
19 54 0.000354762
19 55 -0.0149491
19 56 -0.00444851
19 57 -0.00536116
19 58 0.0639804
19 59 0.420551
19 60 -0.081189
20 1 7.98116e-05
20 2 0.0
20 3 0.000126678
20 4 0.0349877
20 5 3.52513e-05
20 6 -2.97426e-05
20 7 5.15173e-05
20 8 0.0150602
20 9 7.97828e-05
20 10 -0.000109662
20 11 6.33313e-05
20 12 0.0349746
20 13 0.000143217
20 14 -0.000197093
20 15 0.0
20 16 0.246792
20 17 0.0
20 18 0.0
20 19 0.0
20 20 1.0
20 21 0.000297657
20 22 0.000204835
20 23 0.000354762
20 24 0.246663
20 25 9.44388e-06
20 26 3.95239e-06
20 27 1.02578e-05
20 28 2.82201e-05
20 29 -0.000420868
20 30 5.48418e-05
20 31 7.98116e-05
20 32 0.0
20 33 0.000126678
20 34 0.0349877
20 35 3.52513e-05
20 36 -2.97426e-05
20 37 5.15173e-05
20 38 0.0150602
20 39 7.97828e-05
20 40 -0.000109662
20 41 6.33313e-05
20 42 0.0349746
20 43 0.000143217
20 44 -0.000197093
20 45 0.0
20 46 0.246792
20 47 0.0
20 48 0.0
20 49 0.0
20 50 1.0
20 51 0.000297657
20 52 0.000204835
20 53 0.000354762
20 54 0.246663
20 55 9.44388e-06
20 56 3.95239e-06
20 57 1.02578e-05
20 58 2.82201e-05
20 59 -0.000420868
20 60 5.48418e-05
21 1 0.40708
21 2 -0.208511
21 3 0.361174
21 4 -0.000203912
21 5 0.0808406
21 6 -0.0995287
21 7 0.0574556
21 8 -3.24383e-05
21 9 0.0377767
21 10 -0.0585958
21 11 4.72533e-06
21 12 -1.4323e-05
21 13 0.0808323
21 14 -0.0995121
21 15 -0.0574638
21 16 2.45876e-05
21 17 0.406925
21 18 -0.20848
21 19 -0.361075
21 20 0.000297657
21 21 1.0
21 22 0.0
21 23 0.0
21 24 0.0
21 25 0.113695
21 26 0.00925453
21 27 0.00289954
21 28 0.00924583
21 29 0.113659
21 30 0.513026
21 31 0.40708
21 32 -0.208511
21 33 0.361174
21 34 -0.000203912
21 35 0.0808406
21 36 -0.0995287
21 37 0.0574556
21 38 -3.24383e-05
21 39 0.0377767
21 40 -0.0585958
21 41 4.72533e-06
21 42 -1.4323e-05
21 43 0.0808323
21 44 -0.0995121
21 45 -0.0574638
21 46 2.45876e-05
21 47 0.406925
21 48 -0.20848
21 49 -0.361075
21 50 0.000297657
21 51 1.0
21 52 0.0
21 53 0.0
21 54 0.0
21 55 0.113695
21 56 0.00925453
21 57 0.00289954
21 58 0.00924583
21 59 0.113659
21 60 0.513026
22 1 0.208511
22 2 0.103323
22 3 0.248508
22 4 -0.000140303
22 5 0.0995287
22 6 -0.101826
22 7 0.0789793
22 8 -4.45902e-05
22 9 0.0585958
22 10 -0.0838272
22 11 7.97418e-06
22 12 -2.41706e-05
22 13 0.0995121
22 14 -0.101798
22 15 -0.0789852
22 16 3.37961e-05
22 17 0.20848
22 18 0.103197
22 19 -0.248476
22 20 0.000204835
22 21 0.0
22 22 1.0
22 23 0.0
22 24 0.0
22 25 0.00992415
22 26 0.0117299
22 27 0.00513444
22 28 0.0117208
22 29 0.00991094
22 30 -0.48573
22 31 0.208511
22 32 0.103323
22 33 0.248508
22 34 -0.000140303
22 35 0.0995287
22 36 -0.101826
22 37 0.0789793
22 38 -4.45902e-05
22 39 0.0585958
22 40 -0.0838272
22 41 7.97418e-06
22 42 -2.41706e-05
22 43 0.0995121
22 44 -0.101798
22 45 -0.0789852
22 46 3.37961e-05
22 47 0.20848
22 48 0.103197
22 49 -0.248476
22 50 0.000204835
22 51 0.0
22 52 1.0
22 53 0.0
22 54 0.0
22 55 0.00992415
22 56 0.0117299
22 57 0.00513444
22 58 0.0117208
22 59 0.00991094
22 60 -0.48573
23 1 -0.361174
23 2 0.248508
23 3 -0.183666
23 4 0.000243027
23 5 -0.0574556
23 6 0.0789793
23 7 -0.0106051
23 8 2.57409e-05
23 9 -4.72533e-06
23 10 7.97418e-06
23 11 0.0150554
23 12 0.0
23 13 0.0574638
23 14 -0.0789852
23 15 -0.0106267
23 16 1.95158e-05
23 17 0.361075
23 18 -0.248476
23 19 -0.183684
23 20 0.000354762
23 21 0.0
23 22 0.0
23 23 1.0
23 24 0.0
23 25 -0.145229
23 26 -0.00959191
23 27 0.0
23 28 0.00958213
23 29 0.14519
23 30 8.0837e-05
23 31 -0.361174
23 32 0.248508
23 33 -0.183666
23 34 0.000243027
23 35 -0.0574556
23 36 0.0789793
23 37 -0.0106051
23 38 2.57409e-05
23 39 -4.72533e-06
23 40 7.97418e-06
23 41 0.0150554
23 42 0.0
23 43 0.0574638
23 44 -0.0789852
23 45 -0.0106267
23 46 1.95158e-05
23 47 0.361075
23 48 -0.248476
23 49 -0.183684
23 50 0.000354762
23 51 0.0
23 52 0.0
23 53 1.0
23 54 0.0
23 55 -0.145229
23 56 -0.00959191
23 57 0.0
23 58 0.00958213
23 59 0.14519
23 60 8.0837e-05
24 1 0.000203912
24 2 -0.000140303
24 3 0.000243027
24 4 0.24679
24 5 3.24383e-05
24 6 -4.45902e-05
24 7 2.57409e-05
24 8 0.0349878
24 9 1.4323e-05
24 10 -2.41706e-05
24 11 0.0
24 12 0.0150554
24 13 -2.45876e-05
24 14 3.37961e-05
24 15 1.95158e-05
24 16 0.0349837
24 17 -0.000297657
24 18 0.000204835
24 19 0.000354762
24 20 0.246663
24 21 0.0
24 22 0.0
24 23 0.0
24 24 1.0
24 25 7.61002e-05
24 26 8.86607e-06
24 27 1.7371e-06
24 28 -2.55473e-06
24 29 -0.000130977
24 30 -7.95118e-05
24 31 0.000203912
24 32 -0.000140303
24 33 0.000243027
24 34 0.24679
24 35 3.24383e-05
24 36 -4.45902e-05
24 37 2.57409e-05
24 38 0.0349878
24 39 1.4323e-05
24 40 -2.41706e-05
24 41 0.0
24 42 0.0150554
24 43 -2.45876e-05
24 44 3.37961e-05
24 45 1.95158e-05
24 46 0.0349837
24 47 -0.000297657
24 48 0.000204835
24 49 0.000354762
24 50 0.246663
24 51 0.0
24 52 0.0
24 53 0.0
24 54 1.0
24 55 7.61002e-05
24 56 8.86607e-06
24 57 1.7371e-06
24 58 -2.55473e-06
24 59 -0.000130977
24 60 -7.95118e-05
25 1 0.513022
25 2 -0.242844
25 3 -0.420665
25 4 0.000198778
25 5 0.113652
25 6 -0.130694
25 7 -0.0639934
25 8 3.02389e-05
25 9 0.0092535
25 10 -0.0117303
25 11 -0.00958891
25 12 1.99763e-06
25 13 0.00290017
25 14 -0.0025677
25 15 -0.00444748
25 16 2.17715e-06
25 17 0.00925101
25 18 -0.00244075
25 19 -0.0149491
25 20 9.44388e-06
25 21 0.113695
25 22 0.00992415
25 23 -0.145229
25 24 7.61002e-05
25 25 1.0
25 26 0.0580893
25 27 0.00110478
25 28 0.00018072
25 29 0.001105
25 30 0.0580672
25 31 0.513022
25 32 -0.242844
25 33 -0.420665
25 34 0.000198778
25 35 0.113652
25 36 -0.130694
25 37 -0.0639934
25 38 3.02389e-05
25 39 0.0092535
25 40 -0.0117303
25 41 -0.00958891
25 42 1.99763e-06
25 43 0.00290017
25 44 -0.0025677
25 45 -0.00444748
25 46 2.17715e-06
25 47 0.00925101
25 48 -0.00244075
25 49 -0.0149491
25 50 9.44388e-06
25 51 0.113695
25 52 0.00992415
25 53 -0.145229
25 54 7.61002e-05
25 55 1.0
25 56 0.0580893
25 57 0.00110478
25 58 0.00018072
25 59 0.001105
25 60 0.0580672
26 1 0.113679
26 2 0.130712
26 3 -0.0640238
26 4 8.83885e-05
26 5 0.512997
26 6 0.242716
26 7 -0.420722
26 8 0.000580832
26 9 0.113695
26 10 -0.00995153
26 11 -0.145227
26 12 8.84028e-05
26 13 0.00924644
26 14 0.00243791
26 15 -0.0149425
26 16 1.11511e-05
26 17 0.00290072
26 18 0.00256773
26 19 -0.00444851
26 20 3.95239e-06
26 21 0.00925453
26 22 0.0117299
26 23 -0.00959191
26 24 8.86607e-06
26 25 0.0580893
26 26 1.0
26 27 0.0580541
26 28 0.00110462
26 29 0.000180716
26 30 0.00110522
26 31 0.113679
26 32 0.130712
26 33 -0.0640238
26 34 8.83885e-05
26 35 0.512997
26 36 0.242716
26 37 -0.420722
26 38 0.000580832
26 39 0.113695
26 40 -0.00995153
26 41 -0.145227
26 42 8.84028e-05
26 43 0.00924644
26 44 0.00243791
26 45 -0.0149425
26 46 1.11511e-05
26 47 0.00290072
26 48 0.00256773
26 49 -0.00444851
26 50 3.95239e-06
26 51 0.00925453
26 52 0.0117299
26 53 -0.00959191
26 54 8.86607e-06
26 55 0.0580893
26 56 1.0
26 57 0.0580541
26 58 0.00110462
26 59 0.000180716
26 60 0.00110522
27 1 0.00924829
27 2 0.0141631
27 3 0.00535859
27 4 2.81276e-06
27 5 0.113687
27 6 0.12081
27 7 0.0811912
27 8 4.26179e-05
27 9 0.512983
27 10 0.485707
27 11 3.53344e-05
27 12 0.000280025
27 13 0.113603
27 14 0.120717
27 15 -0.0811638
27 16 0.000123113
27 17 0.00924872
27 18 0.0141628
27 19 -0.00536116
27 20 1.02578e-05
27 21 0.00289954
27 22 0.00513444
27 23 0.0
27 24 1.7371e-06
27 25 0.00110478
27 26 0.0580541
27 27 1.0
27 28 0.0580634
27 29 0.00110374
27 30 0.000180715
27 31 0.00924829
27 32 0.0141631
27 33 0.00535859
27 34 2.81276e-06
27 35 0.113687
27 36 0.12081
27 37 0.0811912
27 38 4.26179e-05
27 39 0.512983
27 40 0.485707
27 41 3.53344e-05
27 42 0.000280025
27 43 0.113603
27 44 0.120717
27 45 -0.0811638
27 46 0.000123113
27 47 0.00924872
27 48 0.0141628
27 49 -0.00536116
27 50 1.02578e-05
27 51 0.00289954
27 52 0.00513444
27 53 0.0
27 54 1.7371e-06
27 55 0.00110478
27 56 0.0580541
27 57 1.0
27 58 0.0580634
27 59 0.00110374
27 60 0.000180715
28 1 0.00289966
28 2 0.0025678
28 3 0.00444643
28 4 -1.66061e-06
28 5 0.00925268
28 6 0.00244169
28 7 0.0149515
28 8 -5.58396e-06
28 9 0.113628
28 10 -0.00990615
28 11 0.145155
28 12 -8.45141e-05
28 13 0.512983
28 14 0.243012
28 15 0.420543
28 16 -2.60591e-05
28 17 0.113642
28 18 0.130688
28 19 0.0639804
28 20 2.82201e-05
28 21 0.00924583
28 22 0.0117208
28 23 0.00958213
28 24 -2.55473e-06
28 25 0.00018072
28 26 0.00110462
28 27 0.0580634
28 28 1.0
28 29 0.058015
28 30 0.00110442
28 31 0.00289966
28 32 0.0025678
28 33 0.00444643
28 34 -1.66061e-06
28 35 0.00925268
28 36 0.00244169
28 37 0.0149515
28 38 -5.58396e-06
28 39 0.113628
28 40 -0.00990615
28 41 0.145155
28 42 -8.45141e-05
28 43 0.512983
28 44 0.243012
28 45 0.420543
28 46 -2.60591e-05
28 47 0.113642
28 48 0.130688
28 49 0.0639804
28 50 2.82201e-05
28 51 0.00924583
28 52 0.0117208
28 53 0.00958213
28 54 -2.55473e-06
28 55 0.00018072
28 56 0.00110462
28 57 0.0580634
28 58 1.0
28 59 0.058015
28 60 0.00110442
29 1 0.00925202
29 2 -0.0024407
29 3 0.0149507
29 4 -1.16775e-05
29 5 0.00289994
29 6 -0.00256782
29 7 0.00444696
29 8 -3.47338e-06
29 9 0.00924236
29 10 -0.0117161
29 11 0.0095796
29 12 -1.16646e-05
29 13 0.113657
29 14 -0.130702
29 15 0.0639888
29 16 -9.62315e-05
29 17 0.512938
29 18 -0.242947
29 19 0.420551
29 20 -0.000420868
29 21 0.113659
29 22 0.00991094
29 23 0.14519
29 24 -0.000130977
29 25 0.001105
29 26 0.000180716
29 27 0.00110374
29 28 0.058015
29 29 1.0
29 30 0.05809
29 31 0.00925202
29 32 -0.0024407
29 33 0.0149507
29 34 -1.16775e-05
29 35 0.00289994
29 36 -0.00256782
29 37 0.00444696
29 38 -3.47338e-06
29 39 0.00924236
29 40 -0.0117161
29 41 0.0095796
29 42 -1.16646e-05
29 43 0.113657
29 44 -0.130702
29 45 0.0639888
29 46 -9.62315e-05
29 47 0.512938
29 48 -0.242947
29 49 0.420551
29 50 -0.000420868
29 51 0.113659
29 52 0.00991094
29 53 0.14519
29 54 -0.000130977
29 55 0.001105
29 56 0.000180716
29 57 0.00110374
29 58 0.058015
29 59 1.0
29 60 0.05809
30 1 0.113688
30 2 -0.120797
30 3 0.0812147
30 4 -5.79453e-05
30 5 0.00925045
30 6 -0.0141656
30 7 0.00536136
30 8 -3.82524e-06
30 9 0.00290011
30 10 -0.00513537
30 11 0.0
30 12 -1.13806e-06
30 13 0.00925322
30 14 -0.0141695
30 15 -0.00536279
30 16 1.49595e-06
30 17 0.113668
30 18 -0.120787
30 19 -0.081189
30 20 5.48418e-05
30 21 0.513026
30 22 -0.48573
30 23 8.0837e-05
30 24 -7.95118e-05
30 25 0.0580672
30 26 0.00110522
30 27 0.000180715
30 28 0.00110442
30 29 0.05809
30 30 1.0
30 31 0.113688
30 32 -0.120797
30 33 0.0812147
30 34 -5.79453e-05
30 35 0.00925045
30 36 -0.0141656
30 37 0.00536136
30 38 -3.82524e-06
30 39 0.00290011
30 40 -0.00513537
30 41 0.0
30 42 -1.13806e-06
30 43 0.00925322
30 44 -0.0141695
30 45 -0.00536279
30 46 1.49595e-06
30 47 0.113668
30 48 -0.120787
30 49 -0.081189
30 50 5.48418e-05
30 51 0.513026
30 52 -0.48573
30 53 8.0837e-05
30 54 -7.95118e-05
30 55 0.0580672
30 56 0.00110522
30 57 0.000180715
30 58 0.00110442
30 59 0.05809
30 60 1.0
31 1 1.0
31 2 0.0
31 3 0.0
31 4 0.0
31 5 0.406914
31 6 -0.416933
31 7 0.0
31 8 0.0
31 9 0.0808371
31 10 -0.0995314
31 11 -0.0574422
31 12 0.0
31 13 0.037778
31 14 -0.029299
31 15 -0.0507468
31 16 2.51816e-05
31 17 0.0808406
31 18 -1.04164e-05
31 19 -0.114922
31 20 7.98116e-05
31 21 0.40708
31 22 0.208511
31 23 -0.361174
31 24 0.000203912
31 25 0.513022
31 26 0.113679
31 27 0.00924829
31 28 0.00289966
31 29 0.00925202
31 30 0.113688
31 31 1.0
31 32 0.0
31 33 0.0
31 34 0.0
31 35 0.406914
31 36 -0.416933
31 37 0.0
31 38 0.0
31 39 0.0808371
31 40 -0.0995314
31 41 -0.0574422
31 42 0.0
31 43 0.037778
31 44 -0.029299
31 45 -0.0507468
31 46 2.51816e-05
31 47 0.0808406
31 48 -1.04164e-05
31 49 -0.114922
31 50 7.98116e-05
31 51 0.40708
31 52 0.208511
31 53 -0.361174
31 54 0.000203912
31 55 0.513022
31 56 0.113679
31 57 0.00924829
31 58 0.00289966
31 59 0.00925202
31 60 0.113688
32 1 0.0
32 2 1.0
32 3 0.0
32 4 0.0
32 5 0.416933
32 6 -0.327152
32 7 0.0
32 8 0.0
32 9 0.0995314
32 10 -0.101841
32 11 -0.0789663
32 12 0.0
32 13 0.029299
32 14 -0.00966574
32 15 -0.0428188
32 16 2.12476e-05
32 17 1.04164e-05
32 18 0.0349878
32 19 -1.65331e-05
32 20 0.0
32 21 -0.208511
32 22 0.103323
32 23 0.248508
32 24 -0.000140303
32 25 -0.242844
32 26 0.130712
32 27 0.0141631
32 28 0.0025678
32 29 -0.0024407
32 30 -0.120797
32 31 0.0
32 32 1.0
32 33 0.0
32 34 0.0
32 35 0.416933
32 36 -0.327152
32 37 0.0
32 38 0.0
32 39 0.0995314
32 40 -0.101841
32 41 -0.0789663
32 42 0.0
32 43 0.029299
32 44 -0.00966574
32 45 -0.0428188
32 46 2.12476e-05
32 47 1.04164e-05
32 48 0.0349878
32 49 -1.65331e-05
32 50 0.0
32 51 -0.208511
32 52 0.103323
32 53 0.248508
32 54 -0.000140303
32 55 -0.242844
32 56 0.130712
32 57 0.0141631
32 58 0.0025678
32 59 -0.0024407
32 60 -0.120797
33 1 0.0
33 2 0.0
33 3 1.0
33 4 0.0
33 5 0.0
33 6 0.0
33 7 0.246654
33 8 0.0
33 9 0.0574422
33 10 -0.0789663
33 11 -0.0105875
33 12 0.0
33 13 0.0507468
33 14 -0.0428188
33 15 -0.0591076
33 16 3.68015e-05
33 17 0.114922
33 18 -1.65331e-05
33 19 -0.147419
33 20 0.000126678
33 21 0.361174
33 22 0.248508
33 23 -0.183666
33 24 0.000243027
33 25 -0.420665
33 26 -0.0640238
33 27 0.00535859
33 28 0.00444643
33 29 0.0149507
33 30 0.0812147
33 31 0.0
33 32 0.0
33 33 1.0
33 34 0.0
33 35 0.0
33 36 0.0
33 37 0.246654
33 38 0.0
33 39 0.0574422
33 40 -0.0789663
33 41 -0.0105875
33 42 0.0
33 43 0.0507468
33 44 -0.0428188
33 45 -0.0591076
33 46 3.68015e-05
33 47 0.114922
33 48 -1.65331e-05
33 49 -0.147419
33 50 0.000126678
33 51 0.361174
33 52 0.248508
33 53 -0.183666
33 54 0.000243027
33 55 -0.420665
33 56 -0.0640238
33 57 0.00535859
33 58 0.00444643
33 59 0.0149507
33 60 0.0812147
34 1 0.0
34 2 0.0
34 3 0.0
34 4 1.0
34 5 0.0
34 6 0.0
34 7 0.0
34 8 0.246654
34 9 0.0
34 10 0.0
34 11 0.0
34 12 0.0349861
34 13 -2.51816e-05
34 14 2.12476e-05
34 15 3.68015e-05
34 16 0.015056
34 17 -7.98116e-05
34 18 0.0
34 19 0.000126678
34 20 0.0349877
34 21 -0.000203912
34 22 -0.000140303
34 23 0.000243027
34 24 0.24679
34 25 0.000198778
34 26 8.83885e-05
34 27 2.81276e-06
34 28 -1.66061e-06
34 29 -1.16775e-05
34 30 -5.79453e-05
34 31 0.0
34 32 0.0
34 33 0.0
34 34 1.0
34 35 0.0
34 36 0.0
34 37 0.0
34 38 0.246654
34 39 0.0
34 40 0.0
34 41 0.0
34 42 0.0349861
34 43 -2.51816e-05
34 44 2.12476e-05
34 45 3.68015e-05
34 46 0.015056
34 47 -7.98116e-05
34 48 0.0
34 49 0.000126678
34 50 0.0349877
34 51 -0.000203912
34 52 -0.000140303
34 53 0.000243027
34 54 0.24679
34 55 0.000198778
34 56 8.83885e-05
34 57 2.81276e-06
34 58 -1.66061e-06
34 59 -1.16775e-05
34 60 -5.79453e-05
35 1 0.406914
35 2 0.416933
35 3 0.0
35 4 0.0
35 5 1.0
35 6 0.0
35 7 0.0
35 8 0.0
35 9 0.407138
35 10 -0.208594
35 11 -0.36117
35 12 0.0
35 13 0.0808286
35 14 5.51648e-06
35 15 -0.114907
35 16 5.70194e-05
35 17 0.0377876
35 18 0.0293048
35 19 -0.050759
35 20 3.52513e-05
35 21 0.0808406
35 22 0.0995287
35 23 -0.0574556
35 24 3.24383e-05
35 25 0.113652
35 26 0.512997
35 27 0.113687
35 28 0.00925268
35 29 0.00289994
35 30 0.00925045
35 31 0.406914
35 32 0.416933
35 33 0.0
35 34 0.0
35 35 1.0
35 36 0.0
35 37 0.0
35 38 0.0
35 39 0.407138
35 40 -0.208594
35 41 -0.36117
35 42 0.0
35 43 0.0808286
35 44 5.51648e-06
35 45 -0.114907
35 46 5.70194e-05
35 47 0.0377876
35 48 0.0293048
35 49 -0.050759
35 50 3.52513e-05
35 51 0.0808406
35 52 0.0995287
35 53 -0.0574556
35 54 3.24383e-05
35 55 0.113652
35 56 0.512997
35 57 0.113687
35 58 0.00925268
35 59 0.00289994
35 60 0.00925045
36 1 -0.416933
36 2 -0.327152
36 3 0.0
36 4 0.0
36 5 0.0
36 6 1.0
36 7 0.0
36 8 0.0
36 9 0.208594
36 10 0.103272
36 11 -0.248577
36 12 0.0
36 13 -5.51648e-06
36 14 0.0349819
36 15 8.75596e-06
36 16 0.0
36 17 -0.0293048
36 18 -0.00966519
36 19 0.0428269
36 20 -2.97426e-05
36 21 -0.0995287
36 22 -0.101826
36 23 0.0789793
36 24 -4.45902e-05
36 25 -0.130694
36 26 0.242716
36 27 0.12081
36 28 0.00244169
36 29 -0.00256782
36 30 -0.0141656
36 31 -0.416933
36 32 -0.327152
36 33 0.0
36 34 0.0
36 35 0.0
36 36 1.0
36 37 0.0
36 38 0.0
36 39 0.208594
36 40 0.103272
36 41 -0.248577
36 42 0.0
36 43 -5.51648e-06
36 44 0.0349819
36 45 8.75596e-06
36 46 0.0
36 47 -0.0293048
36 48 -0.00966519
36 49 0.0428269
36 50 -2.97426e-05
36 51 -0.0995287
36 52 -0.101826
36 53 0.0789793
36 54 -4.45902e-05
36 55 -0.130694
36 56 0.242716
36 57 0.12081
36 58 0.00244169
36 59 -0.00256782
36 60 -0.0141656
37 1 0.0
37 2 0.0
37 3 0.246654
37 4 0.0
37 5 0.0
37 6 0.0
37 7 1.0
37 8 0.0
37 9 0.36117
37 10 -0.248577
37 11 -0.18356
37 12 0.0
37 13 0.114907
37 14 8.75596e-06
37 15 -0.147403
37 16 9.05034e-05
37 17 0.050759
37 18 0.0428269
37 19 -0.0591205
37 20 5.15173e-05
37 21 0.0574556
37 22 0.0789793
37 23 -0.0106051
37 24 2.57409e-05
37 25 -0.0639934
37 26 -0.420722
37 27 0.0811912
37 28 0.0149515
37 29 0.00444696
37 30 0.00536136
37 31 0.0
37 32 0.0
37 33 0.246654
37 34 0.0
37 35 0.0
37 36 0.0
37 37 1.0
37 38 0.0
37 39 0.36117
37 40 -0.248577
37 41 -0.18356
37 42 0.0
37 43 0.114907
37 44 8.75596e-06
37 45 -0.147403
37 46 9.05034e-05
37 47 0.050759
37 48 0.0428269
37 49 -0.0591205
37 50 5.15173e-05
37 51 0.0574556
37 52 0.0789793
37 53 -0.0106051
37 54 2.57409e-05
37 55 -0.0639934
37 56 -0.420722
37 57 0.0811912
37 58 0.0149515
37 59 0.00444696
37 60 0.00536136
38 1 0.0
38 2 0.0
38 3 0.0
38 4 0.246654
38 5 0.0
38 6 0.0
38 7 0.0
38 8 1.0
38 9 0.0
38 10 0.0
38 11 0.0
38 12 0.246839
38 13 -5.70194e-05
38 14 0.0
38 15 9.05034e-05
38 16 0.0349819
38 17 -3.52513e-05
38 18 -2.97426e-05
38 19 5.15173e-05
38 20 0.0150602
38 21 -3.24383e-05
38 22 -4.45902e-05
38 23 2.57409e-05
38 24 0.0349878
38 25 3.02389e-05
38 26 0.000580832
38 27 4.26179e-05
38 28 -5.58396e-06
38 29 -3.47338e-06
38 30 -3.82524e-06
38 31 0.0
38 32 0.0
38 33 0.0
38 34 0.246654
38 35 0.0
38 36 0.0
38 37 0.0
38 38 1.0
38 39 0.0
38 40 0.0
38 41 0.0
38 42 0.246839
38 43 -5.70194e-05
38 44 0.0
38 45 9.05034e-05
38 46 0.0349819
38 47 -3.52513e-05
38 48 -2.97426e-05
38 49 5.15173e-05
38 50 0.0150602
38 51 -3.24383e-05
38 52 -4.45902e-05
38 53 2.57409e-05
38 54 0.0349878
38 55 3.02389e-05
38 56 0.000580832
38 57 4.26179e-05
38 58 -5.58396e-06
38 59 -3.47338e-06
38 60 -3.82524e-06
39 1 0.0808371
39 2 0.0995314
39 3 0.0574422
39 4 0.0
39 5 0.407138
39 6 0.208594
39 7 0.36117
39 8 0.0
39 9 1.0
39 10 0.0
39 11 0.0
39 12 0.0
39 13 0.40678
39 14 0.208405
39 15 -0.361009
39 16 0.000358169
39 17 0.0808138
39 18 0.0994897
39 19 -0.0574565
39 20 7.97828e-05
39 21 0.0377767
39 22 0.0585958
39 23 -4.72533e-06
39 24 1.4323e-05
39 25 0.0092535
39 26 0.113695
39 27 0.512983
39 28 0.113628
39 29 0.00924236
39 30 0.00290011
39 31 0.0808371
39 32 0.0995314
39 33 0.0574422
39 34 0.0
39 35 0.407138
39 36 0.208594
39 37 0.36117
39 38 0.0
39 39 1.0
39 40 0.0
39 41 0.0
39 42 0.0
39 43 0.40678
39 44 0.208405
39 45 -0.361009
39 46 0.000358169
39 47 0.0808138
39 48 0.0994897
39 49 -0.0574565
39 50 7.97828e-05
39 51 0.0377767
39 52 0.0585958
39 53 -4.72533e-06
39 54 1.4323e-05
39 55 0.0092535
39 56 0.113695
39 57 0.512983
39 58 0.113628
39 59 0.00924236
39 60 0.00290011
40 1 -0.0995314
40 2 -0.101841
40 3 -0.0789663
40 4 0.0
40 5 -0.208594
40 6 0.103272
40 7 -0.248577
40 8 0.0
40 9 0.0
40 10 1.0
40 11 0.0
40 12 0.0
40 13 -0.208405
40 14 0.103141
40 15 0.24841
40 16 -0.000246456
40 17 -0.0994897
40 18 -0.101775
40 19 0.0789747
40 20 -0.000109662
40 21 -0.0585958
40 22 -0.0838272
40 23 7.97418e-06
40 24 -2.41706e-05
40 25 -0.0117303
40 26 -0.00995153
40 27 0.485707
40 28 -0.00990615
40 29 -0.0117161
40 30 -0.00513537
40 31 -0.0995314
40 32 -0.101841
40 33 -0.0789663
40 34 0.0
40 35 -0.208594
40 36 0.103272
40 37 -0.248577
40 38 0.0
40 39 0.0
40 40 1.0
40 41 0.0
40 42 0.0
40 43 -0.208405
40 44 0.103141
40 45 0.24841
40 46 -0.000246456
40 47 -0.0994897
40 48 -0.101775
40 49 0.0789747
40 50 -0.000109662
40 51 -0.0585958
40 52 -0.0838272
40 53 7.97418e-06
40 54 -2.41706e-05
40 55 -0.0117303
40 56 -0.00995153
40 57 0.485707
40 58 -0.00990615
40 59 -0.0117161
40 60 -0.00513537
41 1 -0.0574422
41 2 -0.0789663
41 3 -0.0105875
41 4 0.0
41 5 -0.36117
41 6 -0.248577
41 7 -0.18356
41 8 0.0
41 9 0.0
41 10 0.0
41 11 1.0
41 12 0.0
41 13 0.361009
41 14 0.24841
41 15 -0.183763
41 16 0.000426922
41 17 0.0574565
41 18 0.0789747
41 19 -0.0106341
41 20 6.33313e-05
41 21 4.72533e-06
41 22 7.97418e-06
41 23 0.0150554
41 24 0.0
41 25 -0.00958891
41 26 -0.145227
41 27 3.53344e-05
41 28 0.145155
41 29 0.0095796
41 30 0.0
41 31 -0.0574422
41 32 -0.0789663
41 33 -0.0105875
41 34 0.0
41 35 -0.36117
41 36 -0.248577
41 37 -0.18356
41 38 0.0
41 39 0.0
41 40 0.0
41 41 1.0
41 42 0.0
41 43 0.361009
41 44 0.24841
41 45 -0.183763
41 46 0.000426922
41 47 0.0574565
41 48 0.0789747
41 49 -0.0106341
41 50 6.33313e-05
41 51 4.72533e-06
41 52 7.97418e-06
41 53 0.0150554
41 54 0.0
41 55 -0.00958891
41 56 -0.145227
41 57 3.53344e-05
41 58 0.145155
41 59 0.0095796
41 60 0.0
42 1 0.0
42 2 0.0
42 3 0.0
42 4 0.0349861
42 5 0.0
42 6 0.0
42 7 0.0
42 8 0.246839
42 9 0.0
42 10 0.0
42 11 0.0
42 12 1.0
42 13 -0.000358169
42 14 -0.000246456
42 15 0.000426922
42 16 0.246544
42 17 -7.97828e-05
42 18 -0.000109662
42 19 6.33313e-05
42 20 0.0349746
42 21 -1.4323e-05
42 22 -2.41706e-05
42 23 0.0
42 24 0.0150554
42 25 1.99763e-06
42 26 8.84028e-05
42 27 0.000280025
42 28 -8.45141e-05
42 29 -1.16646e-05
42 30 -1.13806e-06
42 31 0.0
42 32 0.0
42 33 0.0
42 34 0.0349861
42 35 0.0
42 36 0.0
42 37 0.0
42 38 0.246839
42 39 0.0
42 40 0.0
42 41 0.0
42 42 1.0
42 43 -0.000358169
42 44 -0.000246456
42 45 0.000426922
42 46 0.246544
42 47 -7.97828e-05
42 48 -0.000109662
42 49 6.33313e-05
42 50 0.0349746
42 51 -1.4323e-05
42 52 -2.41706e-05
42 53 0.0
42 54 0.0150554
42 55 1.99763e-06
42 56 8.84028e-05
42 57 0.000280025
42 58 -8.45141e-05
42 59 -1.16646e-05
42 60 -1.13806e-06
43 1 0.037778
43 2 0.029299
43 3 0.0507468
43 4 -2.51816e-05
43 5 0.0808286
43 6 -5.51648e-06
43 7 0.114907
43 8 -5.70194e-05
43 9 0.40678
43 10 -0.208405
43 11 0.361009
43 12 -0.000358169
43 13 1.0
43 14 0.0
43 15 0.0
43 16 0.0
43 17 0.407082
43 18 0.417042
43 19 2.33214e-05
43 20 0.000143217
43 21 0.0808323
43 22 0.0995121
43 23 0.0574638
43 24 -2.45876e-05
43 25 0.00290017
43 26 0.00924644
43 27 0.113603
43 28 0.512983
43 29 0.113657
43 30 0.00925322
43 31 0.037778
43 32 0.029299
43 33 0.0507468
43 34 -2.51816e-05
43 35 0.0808286
43 36 -5.51648e-06
43 37 0.114907
43 38 -5.70194e-05
43 39 0.40678
43 40 -0.208405
43 41 0.361009
43 42 -0.000358169
43 43 1.0
43 44 0.0
43 45 0.0
43 46 0.0
43 47 0.407082
43 48 0.417042
43 49 2.33214e-05
43 50 0.000143217
43 51 0.0808323
43 52 0.0995121
43 53 0.0574638
43 54 -2.45876e-05
43 55 0.00290017
43 56 0.00924644
43 57 0.113603
43 58 0.512983
43 59 0.113657
43 60 0.00925322
44 1 -0.029299
44 2 -0.00966574
44 3 -0.0428188
44 4 2.12476e-05
44 5 5.51648e-06
44 6 0.0349819
44 7 8.75596e-06
44 8 0.0
44 9 0.208405
44 10 0.103141
44 11 0.24841
44 12 -0.000246456
44 13 0.0
44 14 1.0
44 15 0.0
44 16 0.0
44 17 -0.417042
44 18 -0.327133
44 19 -3.20945e-05
44 20 -0.000197093
44 21 -0.0995121
44 22 -0.101798
44 23 -0.0789852
44 24 3.37961e-05
44 25 -0.0025677
44 26 0.00243791
44 27 0.120717
44 28 0.243012
44 29 -0.130702
44 30 -0.0141695
44 31 -0.029299
44 32 -0.00966574
44 33 -0.0428188
44 34 2.12476e-05
44 35 5.51648e-06
44 36 0.0349819
44 37 8.75596e-06
44 38 0.0
44 39 0.208405
44 40 0.103141
44 41 0.24841
44 42 -0.000246456
44 43 0.0
44 44 1.0
44 45 0.0
44 46 0.0
44 47 -0.417042
44 48 -0.327133
44 49 -3.20945e-05
44 50 -0.000197093
44 51 -0.0995121
44 52 -0.101798
44 53 -0.0789852
44 54 3.37961e-05
44 55 -0.0025677
44 56 0.00243791
44 57 0.120717
44 58 0.243012
44 59 -0.130702
44 60 -0.0141695
45 1 -0.0507468
45 2 -0.0428188
45 3 -0.0591076
45 4 3.68015e-05
45 5 -0.114907
45 6 8.75596e-06
45 7 -0.147403
45 8 9.05034e-05
45 9 -0.361009
45 10 0.24841
45 11 -0.183763
45 12 0.000426922
45 13 0.0
45 14 0.0
45 15 1.0
45 16 0.0
45 17 -2.33214e-05
45 18 -3.20945e-05
45 19 0.246792
45 20 0.0
45 21 -0.0574638
45 22 -0.0789852
45 23 -0.0106267
45 24 1.95158e-05
45 25 -0.00444748
45 26 -0.0149425
45 27 -0.0811638
45 28 0.420543
45 29 0.0639888
45 30 -0.00536279
45 31 -0.0507468
45 32 -0.0428188
45 33 -0.0591076
45 34 3.68015e-05
45 35 -0.114907
45 36 8.75596e-06
45 37 -0.147403
45 38 9.05034e-05
45 39 -0.361009
45 40 0.24841
45 41 -0.183763
45 42 0.000426922
45 43 0.0
45 44 0.0
45 45 1.0
45 46 0.0
45 47 -2.33214e-05
45 48 -3.20945e-05
45 49 0.246792
45 50 0.0
45 51 -0.0574638
45 52 -0.0789852
45 53 -0.0106267
45 54 1.95158e-05
45 55 -0.00444748
45 56 -0.0149425
45 57 -0.0811638
45 58 0.420543
45 59 0.0639888
45 60 -0.00536279
46 1 2.51816e-05
46 2 2.12476e-05
46 3 3.68015e-05
46 4 0.015056
46 5 5.70194e-05
46 6 0.0
46 7 9.05034e-05
46 8 0.0349819
46 9 0.000358169
46 10 -0.000246456
46 11 0.000426922
46 12 0.246544
46 13 0.0
46 14 0.0
46 15 0.0
46 16 1.0
46 17 -0.000143217
46 18 -0.000197093
46 19 0.0
46 20 0.246792
46 21 2.45876e-05
46 22 3.37961e-05
46 23 1.95158e-05
46 24 0.0349837
46 25 2.17715e-06
46 26 1.11511e-05
46 27 0.000123113
46 28 -2.60591e-05
46 29 -9.62315e-05
46 30 1.49595e-06
46 31 2.51816e-05
46 32 2.12476e-05
46 33 3.68015e-05
46 34 0.015056
46 35 5.70194e-05
46 36 0.0
46 37 9.05034e-05
46 38 0.0349819
46 39 0.000358169
46 40 -0.000246456
46 41 0.000426922
46 42 0.246544
46 43 0.0
46 44 0.0
46 45 0.0
46 46 1.0
46 47 -0.000143217
46 48 -0.000197093
46 49 0.0
46 50 0.246792
46 51 2.45876e-05
46 52 3.37961e-05
46 53 1.95158e-05
46 54 0.0349837
46 55 2.17715e-06
46 56 1.11511e-05
46 57 0.000123113
46 58 -2.60591e-05
46 59 -9.62315e-05
46 60 1.49595e-06
47 1 0.0808406
47 2 1.04164e-05
47 3 0.114922
47 4 -7.98116e-05
47 5 0.0377876
47 6 -0.0293048
47 7 0.050759
47 8 -3.52513e-05
47 9 0.0808138
47 10 -0.0994897
47 11 0.0574565
47 12 -7.97828e-05
47 13 0.407082
47 14 -0.417042
47 15 -2.33214e-05
47 16 -0.000143217
47 17 1.0
47 18 0.0
47 19 0.0
47 20 0.0
47 21 0.406925
47 22 0.20848
47 23 0.361075
47 24 -0.000297657
47 25 0.00925101
47 26 0.00290072
47 27 0.00924872
47 28 0.113642
47 29 0.512938
47 30 0.113668
47 31 0.0808406
47 32 1.04164e-05
47 33 0.114922
47 34 -7.98116e-05
47 35 0.0377876
47 36 -0.0293048
47 37 0.050759
47 38 -3.52513e-05
47 39 0.0808138
47 40 -0.0994897
47 41 0.0574565
47 42 -7.97828e-05
47 43 0.407082
47 44 -0.417042
47 45 -2.33214e-05
47 46 -0.000143217
47 47 1.0
47 48 0.0
47 49 0.0
47 50 0.0
47 51 0.406925
47 52 0.20848
47 53 0.361075
47 54 -0.000297657
47 55 0.00925101
47 56 0.00290072
47 57 0.00924872
47 58 0.113642
47 59 0.512938
47 60 0.113668
48 1 -1.04164e-05
48 2 0.0349878
48 3 -1.65331e-05
48 4 0.0
48 5 0.0293048
48 6 -0.00966519
48 7 0.0428269
48 8 -2.97426e-05
48 9 0.0994897
48 10 -0.101775
48 11 0.0789747
48 12 -0.000109662
48 13 0.417042
48 14 -0.327133
48 15 -3.20945e-05
48 16 -0.000197093
48 17 0.0
48 18 1.0
48 19 0.0
48 20 0.0
48 21 -0.20848
48 22 0.103197
48 23 -0.248476
48 24 0.000204835
48 25 -0.00244075
48 26 0.00256773
48 27 0.0141628
48 28 0.130688
48 29 -0.242947
48 30 -0.120787
48 31 -1.04164e-05
48 32 0.0349878
48 33 -1.65331e-05
48 34 0.0
48 35 0.0293048
48 36 -0.00966519
48 37 0.0428269
48 38 -2.97426e-05
48 39 0.0994897
48 40 -0.101775
48 41 0.0789747
48 42 -0.000109662
48 43 0.417042
48 44 -0.327133
48 45 -3.20945e-05
48 46 -0.000197093
48 47 0.0
48 48 1.0
48 49 0.0
48 50 0.0
48 51 -0.20848
48 52 0.103197
48 53 -0.248476
48 54 0.000204835
48 55 -0.00244075
48 56 0.00256773
48 57 0.0141628
48 58 0.130688
48 59 -0.242947
48 60 -0.120787
49 1 -0.114922
49 2 -1.65331e-05
49 3 -0.147419
49 4 0.000126678
49 5 -0.050759
49 6 0.0428269
49 7 -0.0591205
49 8 5.15173e-05
49 9 -0.0574565
49 10 0.0789747
49 11 -0.0106341
49 12 6.33313e-05
49 13 2.33214e-05
49 14 -3.20945e-05
49 15 0.246792
49 16 0.0
49 17 0.0
49 18 0.0
49 19 1.0
49 20 0.0
49 21 -0.361075
49 22 -0.248476
49 23 -0.183684
49 24 0.000354762
49 25 -0.0149491
49 26 -0.00444851
49 27 -0.00536116
49 28 0.0639804
49 29 0.420551
49 30 -0.081189
49 31 -0.114922
49 32 -1.65331e-05
49 33 -0.147419
49 34 0.000126678
49 35 -0.050759
49 36 0.0428269
49 37 -0.0591205
49 38 5.15173e-05
49 39 -0.0574565
49 40 0.0789747
49 41 -0.0106341
49 42 6.33313e-05
49 43 2.33214e-05
49 44 -3.20945e-05
49 45 0.246792
49 46 0.0
49 47 0.0
49 48 0.0
49 49 1.0
49 50 0.0
49 51 -0.361075
49 52 -0.248476
49 53 -0.183684
49 54 0.000354762
49 55 -0.0149491
49 56 -0.00444851
49 57 -0.00536116
49 58 0.0639804
49 59 0.420551
49 60 -0.081189
50 1 7.98116e-05
50 2 0.0
50 3 0.000126678
50 4 0.0349877
50 5 3.52513e-05
50 6 -2.97426e-05
50 7 5.15173e-05
50 8 0.0150602
50 9 7.97828e-05
50 10 -0.000109662
50 11 6.33313e-05
50 12 0.0349746
50 13 0.000143217
50 14 -0.000197093
50 15 0.0
50 16 0.246792
50 17 0.0
50 18 0.0
50 19 0.0
50 20 1.0
50 21 0.000297657
50 22 0.000204835
50 23 0.000354762
50 24 0.246663
50 25 9.44388e-06
50 26 3.95239e-06
50 27 1.02578e-05
50 28 2.82201e-05
50 29 -0.000420868
50 30 5.48418e-05
50 31 7.98116e-05
50 32 0.0
50 33 0.000126678
50 34 0.0349877
50 35 3.52513e-05
50 36 -2.97426e-05
50 37 5.15173e-05
50 38 0.0150602
50 39 7.97828e-05
50 40 -0.000109662
50 41 6.33313e-05
50 42 0.0349746
50 43 0.000143217
50 44 -0.000197093
50 45 0.0
50 46 0.246792
50 47 0.0
50 48 0.0
50 49 0.0
50 50 1.0
50 51 0.000297657
50 52 0.000204835
50 53 0.000354762
50 54 0.246663
50 55 9.44388e-06
50 56 3.95239e-06
50 57 1.02578e-05
50 58 2.82201e-05
50 59 -0.000420868
50 60 5.48418e-05
51 1 0.40708
51 2 -0.208511
51 3 0.361174
51 4 -0.000203912
51 5 0.0808406
51 6 -0.0995287
51 7 0.0574556
51 8 -3.24383e-05
51 9 0.0377767
51 10 -0.0585958
51 11 4.72533e-06
51 12 -1.4323e-05
51 13 0.0808323
51 14 -0.0995121
51 15 -0.0574638
51 16 2.45876e-05
51 17 0.406925
51 18 -0.20848
51 19 -0.361075
51 20 0.000297657
51 21 1.0
51 22 0.0
51 23 0.0
51 24 0.0
51 25 0.113695
51 26 0.00925453
51 27 0.00289954
51 28 0.00924583
51 29 0.113659
51 30 0.513026
51 31 0.40708
51 32 -0.208511
51 33 0.361174
51 34 -0.000203912
51 35 0.0808406
51 36 -0.0995287
51 37 0.0574556
51 38 -3.24383e-05
51 39 0.0377767
51 40 -0.0585958
51 41 4.72533e-06
51 42 -1.4323e-05
51 43 0.0808323
51 44 -0.0995121
51 45 -0.0574638
51 46 2.45876e-05
51 47 0.406925
51 48 -0.20848
51 49 -0.361075
51 50 0.000297657
51 51 1.0
51 52 0.0
51 53 0.0
51 54 0.0
51 55 0.113695
51 56 0.00925453
51 57 0.00289954
51 58 0.00924583
51 59 0.113659
51 60 0.513026
52 1 0.208511
52 2 0.103323
52 3 0.248508
52 4 -0.000140303
52 5 0.0995287
52 6 -0.101826
52 7 0.0789793
52 8 -4.45902e-05
52 9 0.0585958
52 10 -0.0838272
52 11 7.97418e-06
52 12 -2.41706e-05
52 13 0.0995121
52 14 -0.101798
52 15 -0.0789852
52 16 3.37961e-05
52 17 0.20848
52 18 0.103197
52 19 -0.248476
52 20 0.000204835
52 21 0.0
52 22 1.0
52 23 0.0
52 24 0.0
52 25 0.00992415
52 26 0.0117299
52 27 0.00513444
52 28 0.0117208
52 29 0.00991094
52 30 -0.48573
52 31 0.208511
52 32 0.103323
52 33 0.248508
52 34 -0.000140303
52 35 0.0995287
52 36 -0.101826
52 37 0.0789793
52 38 -4.45902e-05
52 39 0.0585958
52 40 -0.0838272
52 41 7.97418e-06
52 42 -2.41706e-05
52 43 0.0995121
52 44 -0.101798
52 45 -0.0789852
52 46 3.37961e-05
52 47 0.20848
52 48 0.103197
52 49 -0.248476
52 50 0.000204835
52 51 0.0
52 52 1.0
52 53 0.0
52 54 0.0
52 55 0.00992415
52 56 0.0117299
52 57 0.00513444
52 58 0.0117208
52 59 0.00991094
52 60 -0.48573
53 1 -0.361174
53 2 0.248508
53 3 -0.183666
53 4 0.000243027
53 5 -0.0574556
53 6 0.0789793
53 7 -0.0106051
53 8 2.57409e-05
53 9 -4.72533e-06
53 10 7.97418e-06
53 11 0.0150554
53 12 0.0
53 13 0.0574638
53 14 -0.0789852
53 15 -0.0106267
53 16 1.95158e-05
53 17 0.361075
53 18 -0.248476
53 19 -0.183684
53 20 0.000354762
53 21 0.0
53 22 0.0
53 23 1.0
53 24 0.0
53 25 -0.145229
53 26 -0.00959191
53 27 0.0
53 28 0.00958213
53 29 0.14519
53 30 8.0837e-05
53 31 -0.361174
53 32 0.248508
53 33 -0.183666
53 34 0.000243027
53 35 -0.0574556
53 36 0.0789793
53 37 -0.0106051
53 38 2.57409e-05
53 39 -4.72533e-06
53 40 7.97418e-06
53 41 0.0150554
53 42 0.0
53 43 0.0574638
53 44 -0.0789852
53 45 -0.0106267
53 46 1.95158e-05
53 47 0.361075
53 48 -0.248476
53 49 -0.183684
53 50 0.000354762
53 51 0.0
53 52 0.0
53 53 1.0
53 54 0.0
53 55 -0.145229
53 56 -0.00959191
53 57 0.0
53 58 0.00958213
53 59 0.14519
53 60 8.0837e-05
54 1 0.000203912
54 2 -0.000140303
54 3 0.000243027
54 4 0.24679
54 5 3.24383e-05
54 6 -4.45902e-05
54 7 2.57409e-05
54 8 0.0349878
54 9 1.4323e-05
54 10 -2.41706e-05
54 11 0.0
54 12 0.0150554
54 13 -2.45876e-05
54 14 3.37961e-05
54 15 1.95158e-05
54 16 0.0349837
54 17 -0.000297657
54 18 0.000204835
54 19 0.000354762
54 20 0.246663
54 21 0.0
54 22 0.0
54 23 0.0
54 24 1.0
54 25 7.61002e-05
54 26 8.86607e-06
54 27 1.7371e-06
54 28 -2.55473e-06
54 29 -0.000130977
54 30 -7.95118e-05
54 31 0.000203912
54 32 -0.000140303
54 33 0.000243027
54 34 0.24679
54 35 3.24383e-05
54 36 -4.45902e-05
54 37 2.57409e-05
54 38 0.0349878
54 39 1.4323e-05
54 40 -2.41706e-05
54 41 0.0
54 42 0.0150554
54 43 -2.45876e-05
54 44 3.37961e-05
54 45 1.95158e-05
54 46 0.0349837
54 47 -0.000297657
54 48 0.000204835
54 49 0.000354762
54 50 0.246663
54 51 0.0
54 52 0.0
54 53 0.0
54 54 1.0
54 55 7.61002e-05
54 56 8.86607e-06
54 57 1.7371e-06
54 58 -2.55473e-06
54 59 -0.000130977
54 60 -7.95118e-05
55 1 0.513022
55 2 -0.242844
55 3 -0.420665
55 4 0.000198778
55 5 0.113652
55 6 -0.130694
55 7 -0.0639934
55 8 3.02389e-05
55 9 0.0092535
55 10 -0.0117303
55 11 -0.00958891
55 12 1.99763e-06
55 13 0.00290017
55 14 -0.0025677
55 15 -0.00444748
55 16 2.17715e-06
55 17 0.00925101
55 18 -0.00244075
55 19 -0.0149491
55 20 9.44388e-06
55 21 0.113695
55 22 0.00992415
55 23 -0.145229
55 24 7.61002e-05
55 25 1.0
55 26 0.0580893
55 27 0.00110478
55 28 0.00018072
55 29 0.001105
55 30 0.0580672
55 31 0.513022
55 32 -0.242844
55 33 -0.420665
55 34 0.000198778
55 35 0.113652
55 36 -0.130694
55 37 -0.0639934
55 38 3.02389e-05
55 39 0.0092535
55 40 -0.0117303
55 41 -0.00958891
55 42 1.99763e-06
55 43 0.00290017
55 44 -0.0025677
55 45 -0.00444748
55 46 2.17715e-06
55 47 0.00925101
55 48 -0.00244075
55 49 -0.0149491
55 50 9.44388e-06
55 51 0.113695
55 52 0.00992415
55 53 -0.145229
55 54 7.61002e-05
55 55 1.0
55 56 0.0580893
55 57 0.00110478
55 58 0.00018072
55 59 0.001105
55 60 0.0580672
56 1 0.113679
56 2 0.130712
56 3 -0.0640238
56 4 8.83885e-05
56 5 0.512997
56 6 0.242716
56 7 -0.420722
56 8 0.000580832
56 9 0.113695
56 10 -0.00995153
56 11 -0.145227
56 12 8.84028e-05
56 13 0.00924644
56 14 0.00243791
56 15 -0.0149425
56 16 1.11511e-05
56 17 0.00290072
56 18 0.00256773
56 19 -0.00444851
56 20 3.95239e-06
56 21 0.00925453
56 22 0.0117299
56 23 -0.00959191
56 24 8.86607e-06
56 25 0.0580893
56 26 1.0
56 27 0.0580541
56 28 0.00110462
56 29 0.000180716
56 30 0.00110522
56 31 0.113679
56 32 0.130712
56 33 -0.0640238
56 34 8.83885e-05
56 35 0.512997
56 36 0.242716
56 37 -0.420722
56 38 0.000580832
56 39 0.113695
56 40 -0.00995153
56 41 -0.145227
56 42 8.84028e-05
56 43 0.00924644
56 44 0.00243791
56 45 -0.0149425
56 46 1.11511e-05
56 47 0.00290072
56 48 0.00256773
56 49 -0.00444851
56 50 3.95239e-06
56 51 0.00925453
56 52 0.0117299
56 53 -0.00959191
56 54 8.86607e-06
56 55 0.0580893
56 56 1.0
56 57 0.0580541
56 58 0.00110462
56 59 0.000180716
56 60 0.00110522
57 1 0.00924829
57 2 0.0141631
57 3 0.00535859
57 4 2.81276e-06
57 5 0.113687
57 6 0.12081
57 7 0.0811912
57 8 4.26179e-05
57 9 0.512983
57 10 0.485707
57 11 3.53344e-05
57 12 0.000280025
57 13 0.113603
57 14 0.120717
57 15 -0.0811638
57 16 0.000123113
57 17 0.00924872
57 18 0.0141628
57 19 -0.00536116
57 20 1.02578e-05
57 21 0.00289954
57 22 0.00513444
57 23 0.0
57 24 1.7371e-06
57 25 0.00110478
57 26 0.0580541
57 27 1.0
57 28 0.0580634
57 29 0.00110374
57 30 0.000180715
57 31 0.00924829
57 32 0.0141631
57 33 0.00535859
57 34 2.81276e-06
57 35 0.113687
57 36 0.12081
57 37 0.0811912
57 38 4.26179e-05
57 39 0.512983
57 40 0.485707
57 41 3.53344e-05
57 42 0.000280025
57 43 0.113603
57 44 0.120717
57 45 -0.0811638
57 46 0.000123113
57 47 0.00924872
57 48 0.0141628
57 49 -0.00536116
57 50 1.02578e-05
57 51 0.00289954
57 52 0.00513444
57 53 0.0
57 54 1.7371e-06
57 55 0.00110478
57 56 0.0580541
57 57 1.0
57 58 0.0580634
57 59 0.00110374
57 60 0.000180715
58 1 0.00289966
58 2 0.0025678
58 3 0.00444643
58 4 -1.66061e-06
58 5 0.00925268
58 6 0.00244169
58 7 0.0149515
58 8 -5.58396e-06
58 9 0.113628
58 10 -0.00990615
58 11 0.145155
58 12 -8.45141e-05
58 13 0.512983
58 14 0.243012
58 15 0.420543
58 16 -2.60591e-05
58 17 0.113642
58 18 0.130688
58 19 0.0639804
58 20 2.82201e-05
58 21 0.00924583
58 22 0.0117208
58 23 0.00958213
58 24 -2.55473e-06
58 25 0.00018072
58 26 0.00110462
58 27 0.0580634
58 28 1.0
58 29 0.058015
58 30 0.00110442
58 31 0.00289966
58 32 0.0025678
58 33 0.00444643
58 34 -1.66061e-06
58 35 0.00925268
58 36 0.00244169
58 37 0.0149515
58 38 -5.58396e-06
58 39 0.113628
58 40 -0.00990615
58 41 0.145155
58 42 -8.45141e-05
58 43 0.512983
58 44 0.243012
58 45 0.420543
58 46 -2.60591e-05
58 47 0.113642
58 48 0.130688
58 49 0.0639804
58 50 2.82201e-05
58 51 0.00924583
58 52 0.0117208
58 53 0.00958213
58 54 -2.55473e-06
58 55 0.00018072
58 56 0.00110462
58 57 0.0580634
58 58 1.0
58 59 0.058015
58 60 0.00110442
59 1 0.00925202
59 2 -0.0024407
59 3 0.0149507
59 4 -1.16775e-05
59 5 0.00289994
59 6 -0.00256782
59 7 0.00444696
59 8 -3.47338e-06
59 9 0.00924236
59 10 -0.0117161
59 11 0.0095796
59 12 -1.16646e-05
59 13 0.113657
59 14 -0.130702
59 15 0.0639888
59 16 -9.62315e-05
59 17 0.512938
59 18 -0.242947
59 19 0.420551
59 20 -0.000420868
59 21 0.113659
59 22 0.00991094
59 23 0.14519
59 24 -0.000130977
59 25 0.001105
59 26 0.000180716
59 27 0.00110374
59 28 0.058015
59 29 1.0
59 30 0.05809
59 31 0.00925202
59 32 -0.0024407
59 33 0.0149507
59 34 -1.16775e-05
59 35 0.00289994
59 36 -0.00256782
59 37 0.00444696
59 38 -3.47338e-06
59 39 0.00924236
59 40 -0.0117161
59 41 0.0095796
59 42 -1.16646e-05
59 43 0.113657
59 44 -0.130702
59 45 0.0639888
59 46 -9.62315e-05
59 47 0.512938
59 48 -0.242947
59 49 0.420551
59 50 -0.000420868
59 51 0.113659
59 52 0.00991094
59 53 0.14519
59 54 -0.000130977
59 55 0.001105
59 56 0.000180716
59 57 0.00110374
59 58 0.058015
59 59 1.0
59 60 0.05809
60 1 0.113688
60 2 -0.120797
60 3 0.0812147
60 4 -5.79453e-05
60 5 0.00925045
60 6 -0.0141656
60 7 0.00536136
60 8 -3.82524e-06
60 9 0.00290011
60 10 -0.00513537
60 11 0.0
60 12 -1.13806e-06
60 13 0.00925322
60 14 -0.0141695
60 15 -0.00536279
60 16 1.49595e-06
60 17 0.113668
60 18 -0.120787
60 19 -0.081189
60 20 5.48418e-05
60 21 0.513026
60 22 -0.48573
60 23 8.0837e-05
60 24 -7.95118e-05
60 25 0.0580672
60 26 0.00110522
60 27 0.000180715
60 28 0.00110442
60 29 0.05809
60 30 1.0
60 31 0.113688
60 32 -0.120797
60 33 0.0812147
60 34 -5.79453e-05
60 35 0.00925045
60 36 -0.0141656
60 37 0.00536136
60 38 -3.82524e-06
60 39 0.00290011
60 40 -0.00513537
60 41 0.0
60 42 -1.13806e-06
60 43 0.00925322
60 44 -0.0141695
60 45 -0.00536279
60 46 1.49595e-06
60 47 0.113668
60 48 -0.120787
60 49 -0.081189
60 50 5.48418e-05
60 51 0.513026
60 52 -0.48573
60 53 8.0837e-05
60 54 -7.95118e-05
60 55 0.0580672
60 56 0.00110522
60 57 0.000180715
60 58 0.00110442
60 59 0.05809
60 60 1.0
