0  [0.80672457]
1  [0.80672457]
2  [0.80672457]
3  [0.80672457]
4  [0.80672457]
5  [0.80672457]
6  [0.80672457]
7  [0.80672457]
8  [0.80672457]
9  [0.80672457]
10  [0.80672457]
11  [0.80672457]
12  [0.80672457]
13  [0.80672457]
14  [0.80672457]
15  [0.80672457]
16  [0.80672457]
17  [0.80672457]
18  [0.80672457]
19  [0.80672457]
20  [0.80672457]
21  [0.80672457]
22  [0.80672457]
23  [0.80672457]
24  [0.80672457]
25  [0.80672457]
26  [0.80672457]
27  [0.80672457]
28  [0.80672457]
29  [0.80672457]
30  [0.80672457]
31  [0.80672457]
32  [0.80672457]
33  [0.80672457]
34  [0.80672457]
35  [0.80672457]
36  [0.80672457]
37  [0.80672457]
38  [0.80672457]
39  [0.80672457]
40  [0.80672457]
41  [0.80672457]
42  [0.80672457]
43  [0.80672457]
44  [0.80672457]
45  [0.80672457]
46  [0.80672457]
47  [0.80672457]
48  [0.80672457]
49  [0.80672457]
50  [0.80672457]
51  [0.80672457]
52  [0.80672457]
53  [0.80672457]
54  [0.80672457]
55  [0.80672457]
56  [0.80672457]
57  [0.80672457]
58  [0.80672457]
59  [0.80672457]
60  [0.80672457]
61  [0.80672457]
62  [0.80672457]
63  [0.80672457]
64  [0.80672457]
65  [0.80672457]
66  [0.80672457]
67  [0.80672457]
68  [0.80672457]
69  [0.80672457]
70  [0.80672457]
71  [0.80672457]
72  [0.80672457]
73  [0.80672457]
74  [0.80672457]
75  [0.80672457]
76  [0.80672457]
77  [0.80672457]
78  [0.80672457]
79  [0.80672457]
80  [0.80672457]
81  [0.80672457]
82  [0.80672457]
83  [0.80672457]
84  [0.80672457]
85  [0.80672457]
86  [0.80672457]
87  [0.80672457]
88  [0.80672457]
89  [0.80672457]
90  [0.80672457]
91  [0.80672457]
92  [0.80672457]
93  [0.80672457]
94  [0.80672457]
95  [0.80672457]
96  [0.80672457]
97  [0.80672457]
98  [0.80672457]
99  [0.80672457]
100  [0.80672457]
101  [0.80672457]
102  [0.80672457]
103  [0.80672457]
104  [0.80672457]
105  [0.80672457]
106  [0.80672457]
107  [0.80672457]
108  [0.80672457]
109  [0.80672457]
110  [0.80672457]
111  [0.80672457]
112  [0.80672457]
113  [0.80672457]
114  [0.80672457]
115  [0.80672457]
116  [0.80672457]
117  [0.80672457]
118  [0.80672457]
119  [0.80672457]
120  [0.80672457]
121  [0.80672457]
122  [0.80672457]
123  [0.80672457]
124  [0.80672457]
125  [0.80672457]
126  [0.80672457]
127  [0.80672457]
128  [0.80672457]
129  [0.80672457]
130  [0.80672457]
131  [0.80672457]
132  [0.80672457]
133  [0.80672457]
134  [0.80672457]
135  [0.80672457]
136  [0.80672457]
137  [0.80672457]
138  [0.80672457]
139  [0.80672457]
140  [0.80672457]
141  [0.80672457]
142  [0.80672457]
143  [0.80672457]
144  [0.80672457]
145  [0.80672457]
146  [0.80672457]
147  [0.80672457]
148  [0.80672457]
149  [0.80672457]
150  [0.80672457]
151  [0.80672457]
152  [0.80672457]
153  [0.80672457]
154  [0.80672457]
155  [0.80672457]
156  [0.80672457]
157  [0.80672457]
158  [0.80672457]
159  [0.80672457]
160  [0.80672457]
161  [0.80672457]
162  [0.80672457]
163  [0.80672457]
164  [0.80672457]
165  [0.80672457]
166  [0.80672457]
167  [0.80672457]
168  [0.80672457]
169  [0.80672457]
170  [0.80672457]
171  [0.80672457]
172  [0.80672457]
173  [0.80672457]
174  [0.80672457]
175  [0.80672457]
176  [0.80672457]
177  [0.80672457]
178  [0.80672457]
179  [0.80672457]
180  [0.80672457]
181  [0.80672457]
182  [0.80672457]
183  [0.80672457]
184  [0.80672457]
185  [0.80672457]
186  [0.80672457]
187  [0.80672457]
188  [0.80672457]
189  [0.80672457]
190  [0.80672457]
191  [0.80672457]
192  [0.80672457]
193  [0.80672457]
194  [0.80672457]
195  [0.80672457]
196  [0.80672457]
197  [0.80672457]
198  [0.80672457]
199  [0.80672457]
200  [0.80672457]
201  [0.80672457]
202  [0.80672457]
203  [0.80672457]
204  [0.80672457]
205  [0.80672457]
206  [0.80672457]
207  [0.80672457]
208  [0.80672457]
209  [0.80672457]
210  [0.80672457]
211  [0.80672457]
212  [0.80672457]
213  [0.80672457]
214  [0.80672457]
215  [0.80672457]
216  [0.80672457]
217  [0.80672457]
218  [0.80672457]
219  [0.80672457]
220  [0.80672457]
221  [0.80672457]
222  [0.80672457]
223  [0.80672457]
224  [0.80672457]
225  [0.80672457]
226  [0.80672457]
227  [0.80672457]
228  [0.80672457]
229  [0.80672457]
230  [0.80672457]
231  [0.80672457]
232  [0.80672457]
233  [0.80672457]
234  [0.80672457]
235  [0.80672457]
236  [0.80672457]
237  [0.80672457]
238  [0.80672457]
239  [0.80672457]
240  [0.80672457]
241  [0.80672457]
242  [0.80672457]
243  [0.80672457]
244  [0.80672457]
245  [0.80672457]
246  [0.80672457]
247  [0.80672457]
248  [0.80672457]
249  [0.80672457]
250  [0.80672457]
251  [0.80672457]
252  [0.80672457]
253  [0.80672457]
254  [0.80672457]
255  [0.80672457]
256  [0.80672457]
257  [0.80672457]
258  [0.80672457]
259  [0.80672457]
260  [0.80672457]
261  [0.80672457]
262  [0.80672457]
263  [0.80672457]
264  [0.80672457]
265  [0.80672457]
266  [0.80672457]
267  [0.80672457]
268  [0.80672457]
269  [0.80672457]
270  [0.80672457]
271  [0.80672457]
272  [0.80672457]
273  [0.80672457]
274  [0.80672457]
275  [0.80672457]
276  [0.80672457]
277  [0.80672457]
278  [0.80672457]
279  [0.80672457]
280  [0.80672457]
281  [0.80672457]
282  [0.80672457]
283  [0.80672457]
284  [0.80672457]
285  [0.80672457]
286  [0.80672457]
287  [0.80672457]
288  [0.80672457]
289  [0.80672457]
290  [0.80672457]
291  [0.80672457]
292  [0.80672457]
293  [0.80672457]
294  [0.80672457]
295  [0.80672457]
296  [0.80672457]
297  [0.80672457]
298  [0.80672457]
299  [0.80672457]
300  [0.80672457]
301  [0.80672457]
302  [0.80672457]
303  [0.80672457]
304  [0.80672457]
305  [0.80672457]
306  [0.80672457]
307  [0.80672457]
308  [0.80672457]
309  [0.80672457]
310  [0.80672457]
311  [0.80672457]
312  [0.80672457]
313  [0.80672457]
314  [0.80672457]
315  [0.80672457]
316  [0.80672457]
317  [0.80672457]
318  [0.80672457]
319  [0.80672457]
320  [0.80672457]
321  [0.80672457]
322  [0.80672457]
323  [0.80672457]
324  [0.80672457]
325  [0.80672457]
326  [0.80672457]
327  [0.80672457]
328  [0.80672457]
329  [0.80672457]
330  [0.80672457]
331  [0.80672457]
332  [0.80672457]
333  [0.80672457]
334  [0.80672457]
335  [0.80672457]
336  [0.80672457]
337  [0.80672457]
338  [0.80672457]
339  [0.80672457]
340  [0.80672457]
341  [0.80672457]
342  [0.80672457]
343  [0.80672457]
344  [0.80672457]
345  [0.80672457]
346  [0.80672457]
347  [0.80672457]
348  [0.80672457]
349  [0.80672457]
350  [0.80672457]
351  [0.80672457]
352  [0.80672457]
353  [0.80672457]
354  [0.80672457]
355  [0.80672457]
356  [0.80672457]
357  [0.80672457]
358  [0.80672457]
359  [0.80672457]
360  [0.80672457]
361  [0.80672457]
362  [0.80672457]
363  [0.80672457]
364  [0.80672457]
365  [0.80672457]
366  [0.80672457]
367  [0.80672457]
368  [0.80672457]
369  [0.80672457]
370  [0.80672457]
371  [0.80672457]
372  [0.80672457]
373  [0.80672457]
374  [0.80672457]
375  [0.80672457]
376  [0.80672457]
377  [0.80672457]
378  [0.80672457]
379  [0.80672457]
380  [0.80672457]
381  [0.80672457]
382  [0.80672457]
383  [0.80672457]
384  [0.80672457]
385  [0.80672457]
386  [0.80672457]
387  [0.80672457]
388  [0.80672457]
389  [0.80672457]
390  [0.80672457]
391  [0.80672457]
392  [0.80672457]
393  [0.80672457]
394  [0.80672457]
395  [0.80672457]
396  [0.80672457]
397  [0.80672457]
398  [0.80672457]
399  [0.80672457]
400  [0.80672457]
401  [0.80672457]
402  [0.80672457]
403  [0.80672457]
404  [0.80672457]
405  [0.80672457]
406  [0.80672457]
407  [0.80672457]
408  [0.80672457]
409  [0.80672457]
410  [0.80672457]
411  [0.80672457]
412  [0.80672457]
413  [0.80672457]
414  [0.80672457]
415  [0.80672457]
416  [0.80672457]
417  [0.80672457]
418  [0.80672457]
419  [0.80672457]
420  [0.80672457]
421  [0.80672457]
422  [0.80672457]
423  [0.80672457]
424  [0.80672457]
425  [0.80672457]
426  [0.80672457]
427  [0.80672457]
428  [0.80672457]
429  [0.80672457]
430  [0.80672457]
431  [0.80672457]
432  [0.80672457]
433  [0.80672457]
434  [0.80672457]
435  [0.80672457]
436  [0.80672457]
437  [0.80672457]
438  [0.80672457]
439  [0.80672457]
440  [0.80672457]
441  [0.80672457]
442  [0.80672457]
443  [0.80672457]
444  [0.80672457]
445  [0.80672457]
446  [0.80672457]
447  [0.80672457]
448  [0.80672457]
449  [0.80672457]
450  [0.80672457]
451  [0.80672457]
452  [0.80672457]
453  [0.80672457]
454  [0.80672457]
455  [0.80672457]
456  [0.80672457]
457  [0.80672457]
458  [0.80672457]
459  [0.80672457]
460  [0.80672457]
461  [0.80672457]
462  [0.80672457]
463  [0.80672457]
464  [0.80672457]
465  [0.80672457]
466  [0.80672457]
467  [0.80672457]
468  [0.80672457]
469  [0.80672457]
470  [0.80672457]
471  [0.80672457]
472  [0.80672457]
473  [0.80672457]
474  [0.80672457]
475  [0.80672457]
476  [0.80672457]
477  [0.80672457]
478  [0.80672457]
479  [0.80672457]
480  [0.80672457]
481  [0.80672457]
482  [0.80672457]
483  [0.80672457]
484  [0.80672457]
485  [0.80672457]
486  [0.80672457]
487  [0.80672457]
488  [0.80672457]
489  [0.80672457]
490  [0.80672457]
491  [0.80672457]
492  [0.80672457]
493  [0.80672457]
494  [0.80672457]
495  [0.80672457]
496  [0.80672457]
497  [0.80672457]
498  [0.80672457]
499  [0.80672457]
500  [0.80672457]
501  [0.80672457]
502  [0.80672457]
503  [0.80672457]
504  [0.80672457]
505  [0.80672457]
506  [0.80672457]
507  [0.80672457]
508  [0.80672457]
509  [0.80672457]
510  [0.80672457]
511  [0.80672457]
512  [0.80672457]
513  [0.80672457]
514  [0.80672457]
515  [0.80672457]
516  [0.80672457]
517  [0.80672457]
518  [0.80672457]
519  [0.80672457]
520  [0.80672457]
521  [0.80672457]
522  [0.80672457]
523  [0.80672457]
524  [0.80672457]
525  [0.80672457]
526  [0.80672457]
527  [0.80672457]
528  [0.80672457]
529  [0.80672457]
530  [0.80672457]
531  [0.80672457]
532  [0.80672457]
533  [0.80672457]
534  [0.80672457]
535  [0.80672457]
536  [0.80672457]
537  [0.80672457]
538  [0.80672457]
539  [0.80672457]
540  [0.80672457]
541  [0.80672457]
542  [0.80672457]
543  [0.80672457]
544  [0.80672457]
545  [0.80672457]
546  [0.80672457]
547  [0.80672457]
548  [0.80672457]
549  [0.80672457]
550  [0.80672457]
551  [0.80672457]
552  [0.80672457]
553  [0.80672457]
554  [0.80672457]
555  [0.80672457]
556  [0.80672457]
557  [0.80672457]
558  [0.80672457]
559  [0.80672457]
560  [0.80672457]
561  [0.80672457]
562  [0.80672457]
563  [0.80672457]
564  [0.80672457]
565  [0.80672457]
566  [0.80672457]
567  [0.80672457]
568  [0.80672457]
569  [0.80672457]
570  [0.80672457]
571  [0.80672457]
572  [0.80672457]
573  [0.80672457]
574  [0.80672457]
575  [0.80672457]
576  [0.80672457]
577  [0.80672457]
578  [0.80672457]
579  [0.80672457]
580  [0.80672457]
581  [0.80672457]
582  [0.80672457]
583  [0.80672457]
584  [0.80672457]
585  [0.80672457]
586  [0.80672457]
587  [0.80672457]
588  [0.80672457]
589  [0.80672457]
590  [0.80672457]
591  [0.80672457]
592  [0.80672457]
593  [0.80672457]
594  [0.80672457]
595  [0.80672457]
596  [0.80672457]
597  [0.80672457]
598  [0.80672457]
599  [0.80672457]
600  [0.80672457]
601  [0.80672457]
602  [0.80672457]
603  [0.80672457]
604  [0.80672457]
605  [0.80672457]
606  [0.80672457]
607  [0.80672457]
608  [0.80672457]
609  [0.80672457]
610  [0.80672457]
611  [0.80672457]
612  [0.80672457]
613  [0.80672457]
614  [0.80672457]
615  [0.80672457]
616  [0.80672457]
617  [0.80672457]
618  [0.80672457]
619  [0.80672457]
620  [0.80672457]
621  [0.80672457]
622  [0.80672457]
623  [0.80672457]
624  [0.80672457]
625  [0.80672457]
626  [0.80672457]
627  [0.80672457]
628  [0.80672457]
629  [0.80672457]
630  [0.80672457]
631  [0.80672457]
632  [0.80672457]
633  [0.80672457]
634  [0.80672457]
635  [0.80672457]
636  [0.80672457]
637  [0.80672457]
638  [0.80672457]
639  [0.80672457]
640  [0.80672457]
641  [0.80672457]
642  [0.80672457]
643  [0.80672457]
644  [0.80672457]
645  [0.80672457]
646  [0.80672457]
647  [0.80672457]
648  [0.80672457]
649  [0.80672457]
650  [0.80672457]
651  [0.80672457]
652  [0.80672457]
653  [0.80672457]
654  [0.80672457]
655  [0.80672457]
656  [0.80672457]
657  [0.80672457]
658  [0.80672457]
659  [0.80672457]
660  [0.80672457]
661  [0.80672457]
662  [0.80672457]
663  [0.80672457]
664  [0.80672457]
665  [0.80672457]
666  [0.80672457]
667  [0.80672457]
668  [0.80672457]
669  [0.80672457]
670  [0.80672457]
671  [0.80672457]
672  [0.80672457]
673  [0.80672457]
674  [0.80672457]
675  [0.80672457]
676  [0.80672457]
677  [0.80672457]
678  [0.80672457]
679  [0.80672457]
680  [0.80672457]
681  [0.80672457]
682  [0.80672457]
683  [0.80672457]
684  [0.80672457]
685  [0.80672457]
686  [0.80672457]
687  [0.80672457]
688  [0.80672457]
689  [0.80672457]
690  [0.80672457]
691  [0.80672457]
692  [0.80672457]
693  [0.80672457]
694  [0.80672457]
695  [0.80672457]
696  [0.80672457]
697  [0.80672457]
698  [0.80672457]
699  [0.80672457]
700  [0.80672457]
701  [0.80672457]
702  [0.80672457]
703  [0.80672457]
704  [0.80672457]
705  [0.80672457]
706  [0.80672457]
707  [0.80672457]
708  [0.80672457]
709  [0.80672457]
710  [0.80672457]
711  [0.80672457]
712  [0.80672457]
713  [0.80672457]
714  [0.80672457]
715  [0.80672457]
716  [0.80672457]
717  [0.80672457]
718  [0.80672457]
719  [0.80672457]
720  [0.80672457]
721  [0.80672457]
722  [0.80672457]
723  [0.80672457]
724  [0.80672457]
725  [0.80672457]
726  [0.80672457]
727  [0.80672457]
728  [0.80672457]
729  [0.80672457]
730  [0.80672457]
731  [0.80672457]
732  [0.80672457]
733  [0.80672457]
734  [0.80672457]
735  [0.80672457]
736  [0.80672457]
737  [0.80672457]
738  [0.80672457]
739  [0.80672457]
740  [0.80672457]
741  [0.80672457]
742  [0.80672457]
743  [0.80672457]
744  [0.80672457]
745  [0.80672457]
746  [0.80672457]
747  [0.80672457]
748  [0.80672457]
749  [0.80672457]
750  [0.80672457]
751  [0.80672457]
752  [0.80672457]
753  [0.80672457]
754  [0.80672457]
755  [0.80672457]
756  [0.80672457]
757  [0.80672457]
758  [0.80672457]
759  [0.80672457]
760  [0.80672457]
761  [0.80672457]
762  [0.80672457]
763  [0.80672457]
764  [0.80672457]
765  [0.80672457]
766  [0.80672457]
767  [0.80672457]
768  [0.80672457]
769  [0.80672457]
770  [0.80672457]
771  [0.80672457]
772  [0.80672457]
773  [0.80672457]
774  [0.80672457]
775  [0.80672457]
776  [0.80672457]
777  [0.80672457]
778  [0.80672457]
779  [0.80672457]
780  [0.80672457]
781  [0.80672457]
782  [0.80672457]
783  [0.80672457]
784  [0.80672457]
785  [0.80672457]
786  [0.80672457]
787  [0.80672457]
788  [0.80672457]
789  [0.80672457]
790  [0.80672457]
791  [0.80672457]
792  [0.80672457]
793  [0.80672457]
794  [0.80672457]
795  [0.80672457]
796  [0.80672457]
797  [0.80672457]
798  [0.80672457]
799  [0.80672457]
800  [0.80672457]
801  [0.80672457]
802  [0.80672457]
803  [0.80672457]
804  [0.80672457]
805  [0.80672457]
806  [0.80672457]
807  [0.80672457]
808  [0.80672457]
809  [0.80672457]
810  [0.80672457]
811  [0.80672457]
812  [0.80672457]
813  [0.80672457]
814  [0.80672457]
815  [0.80672457]
816  [0.80672457]
817  [0.80672457]
818  [0.80672457]
819  [0.80672457]
820  [0.80672457]
821  [0.80672457]
822  [0.80672457]
823  [0.80672457]
824  [0.80672457]
825  [0.80672457]
826  [0.80672457]
827  [0.80672457]
828  [0.80672457]
829  [0.80672457]
830  [0.80672457]
831  [0.80672457]
832  [0.80672457]
833  [0.80672457]
834  [0.80672457]
835  [0.80672457]
836  [0.80672457]
837  [0.80672457]
838  [0.80672457]
839  [0.80672457]
840  [0.80672457]
841  [0.80672457]
842  [0.80672457]
843  [0.80672457]
844  [0.80672457]
845  [0.80672457]
846  [0.80672457]
847  [0.80672457]
848  [0.80672457]
849  [0.80672457]
850  [0.80672457]
851  [0.80672457]
852  [0.80672457]
853  [0.80672457]
854  [0.80672457]
855  [0.80672457]
856  [0.80672457]
857  [0.80672457]
858  [0.80672457]
859  [0.80672457]
860  [0.80672457]
861  [0.80672457]
862  [0.80672457]
863  [0.80672457]
864  [0.80672457]
865  [0.80672457]
866  [0.80672457]
867  [0.80672457]
868  [0.80672457]
869  [0.80672457]
870  [0.80672457]
871  [0.80672457]
872  [0.80672457]
873  [0.80672457]
874  [0.80672457]
875  [0.80672457]
876  [0.80672457]
877  [0.80672457]
878  [0.80672457]
879  [0.80672457]
880  [0.80672457]
881  [0.80672457]
882  [0.80672457]
883  [0.80672457]
884  [0.80672457]
885  [0.80672457]
886  [0.80672457]
887  [0.80672457]
888  [0.80672457]
889  [0.80672457]
890  [0.80672457]
891  [0.80672457]
892  [0.80672457]
893  [0.80672457]
894  [0.80672457]
895  [0.80672457]
896  [0.80672457]
897  [0.80672457]
898  [0.80672457]
899  [0.80672457]
900  [0.80672457]
901  [0.80672457]
902  [0.80672457]
903  [0.80672457]
904  [0.80672457]
905  [0.80672457]
906  [0.80672457]
907  [0.80672457]
908  [0.80672457]
909  [0.80672457]
910  [0.80672457]
911  [0.80672457]
912  [0.80672457]
913  [0.80672457]
914  [0.80672457]
915  [0.80672457]
916  [0.80672457]
917  [0.80672457]
918  [0.80672457]
919  [0.80672457]
920  [0.80672457]
921  [0.80672457]
922  [0.80672457]
923  [0.80672457]
924  [0.80672457]
925  [0.80672457]
926  [0.80672457]
927  [0.80672457]
928  [0.80672457]
929  [0.80672457]
930  [0.80672457]
931  [0.80672457]
932  [0.80672457]
933  [0.80672457]
934  [0.80672457]
935  [0.80672457]
936  [0.80672457]
937  [0.80672457]
938  [0.80672457]
939  [0.80672457]
940  [0.80672457]
941  [0.80672457]
942  [0.80672457]
943  [0.80672457]
944  [0.80672457]
945  [0.80672457]
946  [0.80672457]
947  [0.80672457]
948  [0.80672457]
949  [0.80672457]
950  [0.80672457]
951  [0.80672457]
952  [0.80672457]
953  [0.80672457]
954  [0.80672457]
955  [0.80672457]
956  [0.80672457]
957  [0.80672457]
958  [0.80672457]
959  [0.80672457]
960  [0.80672457]
961  [0.80672457]
962  [0.80672457]
963  [0.80672457]
964  [0.80672457]
965  [0.80672457]
966  [0.80672457]
967  [0.80672457]
968  [0.80672457]
969  [0.80672457]
970  [0.80672457]
971  [0.80672457]
972  [0.80672457]
973  [0.80672457]
974  [0.80672457]
975  [0.80672457]
976  [0.80672457]
977  [0.80672457]
978  [0.80672457]
979  [0.80672457]
980  [0.80672457]
981  [0.80672457]
982  [0.80672457]
983  [0.80672457]
984  [0.80672457]
985  [0.80672457]
986  [0.80672457]
987  [0.80672457]
988  [0.80672457]
989  [0.80672457]
990  [0.80672457]
991  [0.80672457]
992  [0.80672457]
993  [0.80672457]
994  [0.80672457]
995  [0.80672457]
996  [0.80672457]
997  [0.80672457]
998  [0.80672457]
999  [0.80672457]
1000  [0.80672457]
