0  -13.37842133
1  -13.49156592
2  -13.71127194
3  -13.84708787
4  -13.8761807
5  -13.93052534
6  -14.11202225
7  -14.36534359
8  -14.52054559
9  -14.46995778
10  -14.30485117
11  -14.21086954
12  -14.21493221
13  -14.15919275
14  -13.94504171
15  -13.67290228
16  -13.52306909
17  -13.56932133
18  -13.71840835
19  -13.81780926
20  -13.8338495
21  -13.89737346
22  -14.11319672
23  -14.37800411
24  -14.497885
25  -14.42773434
26  -14.18141066
27  -13.96781826
28  -13.8741031
29  -13.77901995
30  -13.50989835
31  -13.07936308
32  -12.73787529
33  -12.68530478
34  -12.79859458
35  -12.82418103
36  -12.72941026
37  -12.70424654
38  -12.90865702
39  -13.30053511
40  -13.67561584
41  -13.86491758
42  -13.91782126
43  -14.03750307
44  -14.27255988
45  -14.40628524
46  -14.24954802
47  -13.87606512
48  -13.50533565
49  -13.27111145
50  -13.13379507
51  -12.71045309
52  -12.00415991
53  -11.57222235
54  -11.79863767
55  -12.3394311
56  -12.66152695
57  -12.73402853
58  -12.88678696
59  -13.32173834
60  -13.88444456
61  -14.18947603
62  -13.97797905
63  -13.45063116
64  -13.12009095
65  -13.12387766
66  -13.03479741
67  -12.56556224
68  -11.95123876
69  -11.58959346
70  -11.62453642
71  -11.86710997
72  -11.99968339
73  -11.89617973
74  -11.82751863
75  -12.18177206
76  -12.94762364
77  -13.37806075
78  -13.42738886
79  -13.41710584
80  -13.55157584
81  -13.70798007
82  -13.59937929
83  -13.06996599
84  -12.27505078
85  -11.62952485
86  -11.39226935
87  -11.34284555
88  -11.22758007
89  -11.18270396
90  -11.47428031
91  -12.12555275
92  -12.89499485
93  -13.48785204
94  -13.72205804
95  -13.64351337
96  -13.54005196
97  -13.51946661
98  -13.30284827
99  -12.74673395
100  -12.08099439
101  -11.55928882
102  -11.27227198
103  -11.15906581
104  -11.09132561
105  -10.92031368
106  -10.73583525
107  -10.88914139
108  -11.39446533
109  -11.86903482
110  -12.14319055
111  -12.36352443
112  -12.6829899
113  -13.13276105
114  -13.62931149
115  -13.91494216
116  -13.72625406
117  -13.24909622
118  -12.91362298
119  -12.67629777
120  -12.2171524
121  -11.54335646
122  -10.94734125
123  -10.71775159
124  -11.00365153
125  -11.67418686
126  -12.29292811
127  -12.4527135
128  -12.62038475
129  -13.16266972
130  -13.6500907
131  -13.60738906
132  -13.10201539
133  -12.49614537
134  -12.13284225
135  -12.11013876
136  -12.09350072
137  -11.6155949
138  -10.84259478
139  -10.51776595
140  -10.7995817
141  -11.08513146
142  -11.00325982
143  -10.74347916
144  -10.71963447
145  -11.22253793
146  -12.10774037
147  -12.77608441
148  -12.81890266
149  -12.68299824
150  -13.06961221
151  -13.7144141
152  -14.09133284
153  -13.81328038
154  -13.14524043
155  -12.63399786
156  -12.59284703
157  -12.76283502
158  -12.57938347
159  -11.9273871
160  -11.47426891
161  -11.83820676
162  -12.65446541
163  -13.1407853
164  -13.09305472
165  -12.92908633
166  -13.1305475
167  -13.6966874
168  -14.09112176
169  -13.81198048
170  -13.04927582
171  -12.57758223
172  -12.71102882
173  -12.86224078
174  -12.48312936
175  -11.76559776
176  -10.76377089
177  -10.50845921
178  -11.0808646
179  -11.71953201
180  -11.68011506
181  -11.09590334
182  -10.99151586
183  -11.9534841
184  -13.10167954
185  -13.37172244
186  -12.8818118
187  -12.51871644
188  -12.81863606
189  -13.41176535
190  -13.48953095
191  -12.64849629
192  -11.41916774
193  -10.90470719
194  -11.32168434
195  -11.65112268
196  -11.28368643
197  -10.78311498
198  -10.97499909
199  -11.95504202
200  -13.06019623
201  -13.55468009
202  -13.53225387
203  -13.26751319
204  -13.30568036
205  -13.64031898
206  -13.64809188
207  -13.08517057
208  -12.39639313
209  -12.05891689
210  -12.1153055
211  -12.27174082
212  -12.20862872
213  -11.89070184
214  -11.72222422
215  -12.08977161
216  -12.69794295
217  -12.9642289
218  -12.85897052
219  -12.78944707
220  -13.00207425
221  -13.38673079
222  -13.6407519
223  -13.50577895
224  -13.05712764
225  -12.75546538
226  -12.8143859
227  -12.85021252
228  -12.52609528
229  -12.02738463
230  -11.72759114
231  -11.78956966
232  -12.11814853
233  -12.45437882
234  -12.56587437
235  -12.55191975
236  -12.77932809
237  -13.26188587
238  -13.5574947
239  -13.43178074
240  -13.08538171
241  -12.80999689
242  -12.73241397
243  -12.76696129
244  -12.66817933
245  -12.28360124
246  -11.86110623
247  -11.79562407
248  -12.0109305
249  -12.11126099
250  -11.98255531
251  -11.67890055
252  -11.55224753
253  -11.90057002
254  -12.60394136
255  -13.15237693
256  -13.10509253
257  -12.73025342
258  -12.77294027
259  -13.2574118
260  -13.41188965
261  -12.85638537
262  -11.97731845
263  -11.38183594
264  -11.37515732
265  -11.74270218
266  -11.90970877
267  -11.57371689
268  -11.276308
269  -11.75531512
270  -12.6820743
271  -13.14305541
272  -12.93318311
273  -12.54855851
274  -12.49647399
275  -12.85730153
276  -13.23433146
277  -13.21704488
278  -12.60208395
279  -11.96996655
280  -12.01476574
281  -12.43591835
282  -12.46055369
283  -12.0037642
284  -11.5966136
285  -11.70967497
286  -12.3394416
287  -13.01145391
288  -13.19452819
289  -12.91758523
290  -12.87597902
291  -13.44283259
292  -13.9614132
293  -13.77135633
294  -13.07538481
295  -12.4910536
296  -12.37736027
297  -12.58117694
298  -12.62224504
299  -12.20396401
300  -11.67305895
301  -11.4424167
302  -11.97744323
303  -12.67023169
304  -12.72659293
305  -12.31436738
306  -12.0625735
307  -12.27205603
308  -12.72745608
309  -12.97981673
310  -12.71725352
311  -12.06284624
312  -11.67756372
313  -11.9014114
314  -12.05123766
315  -11.63062725
316  -11.04078207
317  -10.85034121
318  -11.18340647
319  -11.75436001
320  -12.18878002
321  -12.26127127
322  -12.10563125
323  -12.27238943
324  -12.86226056
325  -13.14957603
326  -13.02460843
327  -12.9063487
328  -12.94797259
329  -13.05884867
330  -13.09885295
331  -13.04245978
332  -12.8862233
333  -12.66983704
334  -12.59047849
335  -12.67452163
336  -12.70120811
337  -12.64974233
338  -12.6883497
339  -12.8561655
340  -13.04746731
341  -13.18907719
342  -13.2488358
343  -13.14749517
344  -12.93326111
345  -12.82696673
346  -12.81083884
347  -12.6870271
348  -12.48416817
349  -12.35845633
350  -12.35712621
351  -12.32873176
352  -12.23216199
353  -12.25609886
354  -12.31298681
355  -12.27952877
356  -12.24256651
357  -12.23661819
358  -12.25685976
359  -12.37335673
360  -12.57127708
361  -12.71087585
362  -12.73520629
363  -12.77123808
364  -12.85450704
365  -12.81011014
366  -12.62863659
367  -12.45786648
368  -12.3052296
369  -12.15542936
370  -12.06780654
371  -12.05807431
372  -12.08357161
373  -12.14184906
374  -12.27552485
375  -12.42747878
376  -12.51592449
377  -12.60434753
378  -12.69905354
379  -12.69726855
380  -12.58887897
381  -12.46621327
382  -12.38374583
383  -12.30394631
384  -12.18648267
385  -12.05223891
386  -11.89969227
387  -11.78438036
388  -11.83979738
389  -12.01563278
390  -12.14669342
391  -12.22476469
392  -12.37600422
393  -12.65266807
394  -12.94243732
395  -13.11840313
396  -13.13186141
397  -12.96717246
398  -12.76183895
399  -12.65276716
400  -12.52272403
401  -12.27447089
402  -12.0297005
403  -11.96158688
404  -12.0749822
405  -12.24364722
406  -12.41022782
407  -12.53143498
408  -12.56612227
409  -12.62698979
410  -12.74738473
411  -12.75867563
412  -12.60269621
413  -12.44047507
414  -12.40281044
415  -12.41668486
416  -12.38229207
417  -12.32772284
418  -12.2313155
419  -12.10572394
420  -12.10621915
421  -12.19304681
422  -12.18165561
423  -12.11352331
424  -12.18520449
425  -12.42743168
426  -12.67224744
427  -12.8475369
428  -12.99819354
429  -13.03563529
430  -12.99071386
431  -13.00945816
432  -12.98063496
433  -12.77815817
434  -12.5475615
435  -12.45156584
436  -12.42201065
437  -12.35607287
438  -12.3446815
439  -12.40655663
440  -12.39715353
441  -12.38536161
442  -12.48106872
443  -12.53863604
444  -12.4849629
445  -12.45099293
446  -12.47329239
447  -12.42544117
448  -12.31708722
449  -12.3066602
450  -12.32051085
451  -12.17991421
452  -12.04793032
453  -12.07590773
454  -12.12561792
455  -12.14260468
456  -12.19356575
457  -12.22183373
458  -12.15857442
459  -12.16682512
460  -12.3804262
461  -12.5579055
462  -12.53693801
463  -12.55772329
464  -12.73757747
465  -12.92525536
466  -13.04985186
467  -13.0928034
468  -12.97031995
469  -12.73406955
470  -12.63204429
471  -12.68559191
472  -12.57496779
473  -12.2608982
474  -12.06131304
475  -12.08131254
476  -12.16326483
477  -12.22446997
478  -12.24639189
479  -12.17945966
480  -12.13041702
481  -12.30068809
482  -12.54875472
483  -12.5292623
484  -12.3189041
485  -12.20032959
486  -12.16508656
487  -12.09347112
488  -11.96850581
489  -11.78087385
490  -11.54614685
491  -11.44966312
492  -11.65977318
493  -11.93005521
494  -11.99398012
495  -12.04392727
496  -12.27013524
497  -12.55064772
498  -12.75776766
499  -12.86618862
500  -12.85366886
501  -12.83910293
502  -12.96265949
503  -13.09832906
504  -12.96078825
505  -12.62643834
506  -12.48409924
507  -12.57416547
508  -12.63896323
509  -12.57981998
510  -12.50847985
511  -12.5375998
512  -12.70876165
513  -13.00577309
514  -13.19723206
515  -13.04153081
516  -12.76461131
517  -12.71352175
518  -12.7790679
519  -12.68460338
520  -12.42238636
521  -12.17278989
522  -12.06036447
523  -12.15178998
524  -12.40105524
525  -12.52454522
526  -12.32134613
527  -12.16456799
528  -12.39824441
529  -12.6963355
530  -12.71025278
531  -12.521801
532  -12.35022701
533  -12.31779889
534  -12.50223412
535  -12.77923808
536  -12.76964014
537  -12.44085701
538  -12.28840061
539  -12.48771318
540  -12.6353892
541  -12.4980965
542  -12.24387566
543  -12.06426087
544  -12.06742335
545  -12.31118923
546  -12.6080979
547  -12.62324352
548  -12.43345941
549  -12.46575219
550  -12.73057343
551  -12.86123265
552  -12.77319898
553  -12.58114085
554  -12.38430179
555  -12.30389856
556  -12.43384106
557  -12.58031938
558  -12.44447312
559  -12.17227082
560  -12.16616273
561  -12.39990221
562  -12.58238645
563  -12.65019426
564  -12.65390806
565  -12.64785106
566  -12.76586645
567  -13.04637096
568  -13.20219931
569  -12.99895352
570  -12.69365549
571  -12.61300987
572  -12.67961149
573  -12.70169606
574  -12.62981639
575  -12.46900146
576  -12.26736756
577  -12.24785381
578  -12.47544357
579  -12.60316223
580  -12.42171725
581  -12.20252648
582  -12.22465537
583  -12.45505743
584  -12.70049516
585  -12.76830308
586  -12.59054974
587  -12.36458737
588  -12.40234073
589  -12.62668563
590  -12.61314428
591  -12.28570371
592  -12.00672845
593  -12.02043401
594  -12.24932985
595  -12.45399863
596  -12.43022311
597  -12.21660074
598  -12.1589436
599  -12.50204826
600  -12.93697694
601  -13.0686232
602  -12.99135694
603  -12.93975269
604  -13.03504068
605  -13.19395371
606  -13.20526355
607  -12.92768658
608  -12.5106512
609  -12.31721054
610  -12.45980306
611  -12.62324398
612  -12.55058073
613  -12.40177935
614  -12.4615276
615  -12.75162058
616  -13.0441554
617  -13.09430223
618  -12.86517094
619  -12.62826849
620  -12.68722302
621  -12.92706528
622  -12.92337441
623  -12.55234603
624  -12.19520912
625  -12.19651038
626  -12.36543669
627  -12.31780734
628  -12.06872665
629  -11.85335185
630  -11.9698852
631  -12.44048171
632  -12.85872384
633  -12.79730845
634  -12.43299486
635  -12.36449306
636  -12.66280912
637  -12.87346849
638  -12.74127444
639  -12.38306663
640  -12.10975155
641  -12.1859876
642  -12.53773364
643  -12.71125729
644  -12.37368487
645  -11.89526704
646  -11.91172964
647  -12.31908133
648  -12.56119736
649  -12.45022182
650  -12.18768567
651  -12.07790313
652  -12.31479387
653  -12.71719318
654  -12.74940697
655  -12.19356798
656  -11.64538377
657  -11.7041442
658  -12.05966207
659  -12.15202453
660  -11.93015952
661  -11.67079465
662  -11.70245347
663  -12.17049174
664  -12.70990092
665  -12.71183783
666  -12.20079016
667  -11.93823163
668  -12.28011542
669  -12.70994761
670  -12.76138807
671  -12.48263063
672  -12.18598087
673  -12.25728587
674  -12.75591787
675  -13.135768
676  -13.00348259
677  -12.66030565
678  -12.55661445
679  -12.79508049
680  -13.06701538
681  -13.12097943
682  -12.95089862
683  -12.76081065
684  -12.8310077
685  -13.13006771
686  -13.25428796
687  -12.98433868
688  -12.6218429
689  -12.55833851
690  -12.77000779
691  -12.94719466
692  -12.8656584
693  -12.54686598
694  -12.30068914
695  -12.41583387
696  -12.72005703
697  -12.79253692
698  -12.55902912
699  -12.36686395
700  -12.49712449
701  -12.81597959
702  -12.94697503
703  -12.80311618
704  -12.53275444
705  -12.45521697
706  -12.66511129
707  -12.85944349
708  -12.77259414
709  -12.54244046
710  -12.48131865
711  -12.6575627
712  -12.87969061
713  -12.90639526
714  -12.65820096
715  -12.37204329
716  -12.37816196
717  -12.64343443
718  -12.82682776
719  -12.7453114
720  -12.54318334
721  -12.49430798
722  -12.68189954
723  -12.89757828
724  -12.86242684
725  -12.56381197
726  -12.31113734
727  -12.34150263
728  -12.51962218
729  -12.55665303
730  -12.35934658
731  -12.12613872
732  -12.15018255
733  -12.4369051
734  -12.68785024
735  -12.68659189
736  -12.54734139
737  -12.55031999
738  -12.78748182
739  -13.04664292
740  -13.07343319
741  -12.84078549
742  -12.60858059
743  -12.63152375
744  -12.80382142
745  -12.84142341
746  -12.68102025
747  -12.52942586
748  -12.60627154
749  -12.88712626
750  -13.09719671
751  -13.05678063
752  -12.87362719
753  -12.78596733
754  -12.88663246
755  -12.97485372
756  -12.88648635
757  -12.69867665
758  -12.59242822
759  -12.66277349
760  -12.84064809
761  -12.91803986
762  -12.75428428
763  -12.5469227
764  -12.59191609
765  -12.79154688
766  -12.85278611
767  -12.71708821
768  -12.54713829
769  -12.51772957
770  -12.68842532
771  -12.93103166
772  -12.97243195
773  -12.75239573
774  -12.63211089
775  -12.82121793
776  -13.03169897
777  -12.97509428
778  -12.74774037
779  -12.55823761
780  -12.55174147
781  -12.73644529
782  -12.91120703
783  -12.79679383
784  -12.50576141
785  -12.49797828
786  -12.80282456
787  -13.02112317
788  -12.96274133
789  -12.74899084
790  -12.5874173
791  -12.62660818
792  -12.82521308
793  -12.89733613
794  -12.60359952
795  -12.21982769
796  -12.22770828
797  -12.5331976
798  -12.70905159
799  -12.62510243
800  -12.43616125
801  -12.31697385
802  -12.42835197
803  -12.73058926
804  -12.8971719
805  -12.67485711
806  -12.31843323
807  -12.31624639
808  -12.64615504
809  -12.87886529
810  -12.7857188
811  -12.47580869
812  -12.25757938
813  -12.35473903
814  -12.63745674
815  -12.72721968
816  -12.4440754
817  -12.10594379
818  -12.21057144
819  -12.66291474
820  -12.92510827
821  -12.75433991
822  -12.37896583
823  -12.19238326
824  -12.33899577
825  -12.58105954
826  -12.5777952
827  -12.22524607
828  -11.85657339
829  -11.93798962
830  -12.32816808
831  -12.49738413
832  -12.28085352
833  -11.97559834
834  -11.92649897
835  -12.17754784
836  -12.47547795
837  -12.51559559
838  -12.24592089
839  -12.05468227
840  -12.3315208
841  -12.82752628
842  -13.02254474
843  -12.84475627
844  -12.62891162
845  -12.6566445
846  -12.8769733
847  -13.0041251
848  -12.81521493
849  -12.40739351
850  -12.18728073
851  -12.35897237
852  -12.60080216
853  -12.56721236
854  -12.36094417
855  -12.32283489
856  -12.56640717
857  -12.8752601
858  -12.9819923
859  -12.81742471
860  -12.53487246
861  -12.37658491
862  -12.39529312
863  -12.33400249
864  -12.03200714
865  -11.71989214
866  -11.70747357
867  -11.97349006
868  -12.22320953
869  -12.27554041
870  -12.21119782
871  -12.19715845
872  -12.33154152
873  -12.52505895
874  -12.55183123
875  -12.38288218
876  -12.31810333
877  -12.53441596
878  -12.79684162
879  -12.7992299
880  -12.59069931
881  -12.44403112
882  -12.47495334
883  -12.58658057
884  -12.60353053
885  -12.43012159
886  -12.23638673
887  -12.33312665
888  -12.68836456
889  -12.89102053
890  -12.72141103
891  -12.42593117
892  -12.3437266
893  -12.49847071
894  -12.65442765
895  -12.57947251
896  -12.28379996
897  -12.0982696
898  -12.28240275
899  -12.59033942
900  -12.59289086
901  -12.28348737
902  -12.02024501
903  -12.0839306
904  -12.39003374
905  -12.62652596
906  -12.59267242
907  -12.42848118
908  -12.47896129
909  -12.79543546
910  -13.0309858
911  -12.92166567
912  -12.56994468
913  -12.32688852
914  -12.43385146
915  -12.74073823
916  -12.88545012
917  -12.73258247
918  -12.55768623
919  -12.67226426
920  -12.9602111
921  -13.08975215
922  -12.92036177
923  -12.58000877
924  -12.39522772
925  -12.55186789
926  -12.79146569
927  -12.7406401
928  -12.43254244
929  -12.25537808
930  -12.38148463
931  -12.58875683
932  -12.6351509
933  -12.44233025
934  -12.13363157
935  -12.02888906
936  -12.25021007
937  -12.46709247
938  -12.37489688
939  -12.13830902
940  -12.0923132
941  -12.27735282
942  -12.5212782
943  -12.65749293
944  -12.58083995
945  -12.38275699
946  -12.38054827
947  -12.64383397
948  -12.79700763
949  -12.64521974
950  -12.43185614
951  -12.37333307
952  -12.48538555
953  -12.68980497
954  -12.82898982
955  -12.74928003
956  -12.53484017
957  -12.51976025
958  -12.75066421
959  -12.87113428
960  -12.74335742
961  -12.53035658
962  -12.38034788
963  -12.36412837
964  -12.44409526
965  -12.47097456
966  -12.30703605
967  -12.06183759
968  -12.0544128
969  -12.28291896
970  -12.42520097
971  -12.36112252
972  -12.19025825
973  -12.08187553
974  -12.1444848
975  -12.32729835
976  -12.44736498
977  -12.3381931
978  -12.14411501
979  -12.2122729
980  -12.51005387
981  -12.67172187
982  -12.54685245
983  -12.29725737
984  -12.15753538
985  -12.20319033
986  -12.36027849
987  -12.46036418
988  -12.35966643
989  -12.21943487
990  -12.37091758
991  -12.71295391
992  -12.84605129
993  -12.67147578
994  -12.43361176
995  -12.33777038
996  -12.39633753
997  -12.52220843
998  -12.54682512
999  -12.34671087
1000  -12.1226876
1001  -12.17190768
1002  -12.34632346
1003  -12.29145253
1004  -12.03751202
1005  -11.83654861
1006  -11.79374058
1007  -11.9009081
1008  -12.11482163
1009  -12.30397003
1010  -12.34248756
1011  -12.37439241
1012  -12.61287304
1013  -12.84195174
1014  -12.80134827
1015  -12.61706174
1016  -12.45384504
1017  -12.3339903
1018  -12.25342298
1019  -12.2159977
1020  -12.18161797
1021  -12.13043488
1022  -12.19962479
1023  -12.4203697
1024  -12.5407273
1025  -12.51368776
1026  -12.56503061
1027  -12.72561745
1028  -12.84643196
1029  -12.83209874
1030  -12.70854229
1031  -12.58757298
1032  -12.55549661
1033  -12.59068611
1034  -12.5169305
1035  -12.24997995
1036  -12.01028149
1037  -11.97288265
1038  -12.06015159
1039  -12.12732195
1040  -12.10594749
1041  -12.06952326
1042  -12.16262285
1043  -12.38987884
1044  -12.58089145
1045  -12.55930885
1046  -12.37906006
1047  -12.28558616
1048  -12.38479116
1049  -12.55551337
1050  -12.63164964
1051  -12.56241716
1052  -12.47620992
1053  -12.55296052
1054  -12.74523233
1055  -12.80565522
1056  -12.63907253
1057  -12.42938562
1058  -12.41139882
1059  -12.60571364
1060  -12.84958734
1061  -12.98839489
1062  -12.98912462
1063  -12.98925745
1064  -13.12511199
1065  -13.23796899
1066  -13.08884079
1067  -12.74009113
1068  -12.45020374
1069  -12.38173279
1070  -12.4743557
1071  -12.56297564
1072  -12.54277201
1073  -12.4352947
1074  -12.39120955
1075  -12.52767132
1076  -12.69375294
1077  -12.67236453
1078  -12.51811533
1079  -12.43505999
1080  -12.50788873
1081  -12.6252315
1082  -12.65344878
1083  -12.56278795
1084  -12.40359027
1085  -12.29764178
1086  -12.35913856
1087  -12.48307232
1088  -12.48030848
1089  -12.39271188
1090  -12.38716899
1091  -12.4784674
1092  -12.55202258
1093  -12.55508127
1094  -12.50695879
1095  -12.41605608
1096  -12.35918914
1097  -12.46118986
1098  -12.62266333
1099  -12.63514724
1100  -12.52327427
1101  -12.4329646
1102  -12.39057943
1103  -12.35597333
1104  -12.33012257
1105  -12.28287743
1106  -12.15992455
1107  -12.0747639
1108  -12.18589211
1109  -12.36430323
1110  -12.40427344
1111  -12.35603112
1112  -12.35399594
1113  -12.4260856
1114  -12.56635278
1115  -12.74650031
1116  -12.83540976
1117  -12.7510064
1118  -12.64977681
1119  -12.6681395
1120  -12.65604106
1121  -12.49031957
1122  -12.29660838
1123  -12.22709729
1124  -12.33942637
1125  -12.62367725
1126  -12.94395612
1127  -13.09641085
1128  -13.05025865
1129  -13.01182153
1130  -13.05871538
1131  -13.02211082
1132  -12.82591767
1133  -12.58638258
1134  -12.43353811
1135  -12.45265859
1136  -12.6179062
1137  -12.72179472
1138  -12.60092787
1139  -12.39156893
1140  -12.31740597
1141  -12.35660391
1142  -12.35403497
1143  -12.28341507
1144  -12.22505363
1145  -12.26837476
1146  -12.46435178
1147  -12.71602495
1148  -12.80997239
1149  -12.6745805
1150  -12.50044013
1151  -12.44631433
1152  -12.43606548
1153  -12.36762494
1154  -12.258741
1155  -12.17828345
1156  -12.20341531
1157  -12.3507698
1158  -12.51178546
1159  -12.55870519
1160  -12.49724946
1161  -12.49797243
1162  -12.64549318
1163  -12.79064682
1164  -12.82208696
1165  -12.76063204
1166  -12.6705655
1167  -12.60801048
1168  -12.56294649
1169  -12.49609148
1170  -12.39001991
1171  -12.26427059
1172  -12.23173038
1173  -12.33167856
1174  -12.42235272
1175  -12.4298689
1176  -12.3886319
1177  -12.35482228
1178  -12.35718308
1179  -12.39642859
1180  -12.48132529
1181  -12.55563661
1182  -12.55829002
1183  -12.59829045
1184  -12.72911564
1185  -12.80534444
1186  -12.76246186
1187  -12.64820453
1188  -12.5034563
1189  -12.35763313
1190  -12.28602087
1191  -12.33196193
1192  -12.3957945
1193  -12.39605292
1194  -12.43667492
1195  -12.56728397
1196  -12.69172938
1197  -12.75985908
1198  -12.73701924
1199  -12.59043011
1200  -12.4034044
1201  -12.3357563
1202  -12.41480217
1203  -12.47653191
1204  -12.39587009
1205  -12.28436614
1206  -12.28480649
1207  -12.37749854
1208  -12.4641271
1209  -12.42627475
1210  -12.26064347
1211  -12.13832894
1212  -12.20012334
1213  -12.37688423
1214  -12.46832839
1215  -12.38511168
1216  -12.27859191
1217  -12.31781741
1218  -12.48560628
1219  -12.62547924
1220  -12.60181834
1221  -12.49707732
1222  -12.49873976
1223  -12.63449816
1224  -12.78251703
1225  -12.79862091
1226  -12.66014052
1227  -12.49460422
1228  -12.45733655
1229  -12.54327773
1230  -12.59635233
1231  -12.57557475
1232  -12.61284627
1233  -12.76533028
1234  -12.94489395
1235  -13.07934064
1236  -13.12059302
1237  -13.00364216
1238  -12.79109013
1239  -12.62936123
1240  -12.49410615
1241  -12.28805195
1242  -12.10108783
1243  -12.0788103
1244  -12.18524912
1245  -12.30831346
1246  -12.44597157
1247  -12.5948119
1248  -12.66255175
1249  -12.6548274
1250  -12.6407625
1251  -12.56145854
1252  -12.42419955
1253  -12.38830728
1254  -12.47675938
1255  -12.52071266
1256  -12.43968491
1257  -12.37681102
1258  -12.41942197
1259  -12.47303425
1260  -12.48506528
1261  -12.44966389
1262  -12.37346411
1263  -12.37301896
1264  -12.53721371
1265  -12.74683164
1266  -12.80590689
1267  -12.729507
1268  -12.74310146
1269  -12.89059473
1270  -12.98054138
1271  -12.90159013
1272  -12.68392914
1273  -12.46585381
1274  -12.40081066
1275  -12.47273728
1276  -12.47752576
1277  -12.26413131
1278  -12.02892557
1279  -12.12209023
1280  -12.48834394
1281  -12.74000969
1282  -12.69422969
1283  -12.50690286
1284  -12.44418035
1285  -12.58107999
1286  -12.7501304
1287  -12.71824126
1288  -12.41837622
1289  -12.14075742
1290  -12.24877085
1291  -12.58616842
1292  -12.70804989
1293  -12.53177429
1294  -12.33239856
1295  -12.33497367
1296  -12.51610102
1297  -12.69802952
1298  -12.69051505
1299  -12.46863415
1300  -12.31459358
1301  -12.47061925
1302  -12.68193536
1303  -12.6081026
1304  -12.3346289
1305  -12.13824627
1306  -12.12599778
1307  -12.23917585
1308  -12.35536161
1309  -12.34503831
1310  -12.20681192
1311  -12.15544446
1312  -12.31055535
1313  -12.42910143
1314  -12.34551428
1315  -12.20485283
1316  -12.13524143
1317  -12.1474324
1318  -12.23620797
1319  -12.36979498
1320  -12.47198121
1321  -12.51109125
1322  -12.56901843
1323  -12.66666991
1324  -12.67338462
1325  -12.58891469
1326  -12.53699261
1327  -12.50592868
1328  -12.45184088
1329  -12.4176003
1330  -12.451476
1331  -12.53581746
1332  -12.61001752
1333  -12.64085885
1334  -12.61845257
1335  -12.57948824
1336  -12.61471901
1337  -12.69714661
1338  -12.7217259
1339  -12.68259858
1340  -12.67110492
1341  -12.75789823
1342  -12.88160079
1343  -12.86199281
1344  -12.62409601
1345  -12.33343607
1346  -12.19526375
1347  -12.2176745
1348  -12.24248563
1349  -12.18678894
1350  -12.13629969
1351  -12.18848101
1352  -12.39222842
1353  -12.67131466
1354  -12.76882541
1355  -12.58849844
1356  -12.34151453
1357  -12.23198776
1358  -12.22160914
1359  -12.15375258
1360  -11.97755829
1361  -11.79157718
1362  -11.75065931
1363  -11.92216671
1364  -12.1489401
1365  -12.18318412
1366  -12.07350448
1367  -12.09382838
1368  -12.3038389
1369  -12.50147074
1370  -12.51942282
1371  -12.39813792
1372  -12.29672526
1373  -12.32436803
1374  -12.44324694
1375  -12.4705955
1376  -12.34255279
1377  -12.22267122
1378  -12.24839096
1379  -12.37389698
1380  -12.45363657
1381  -12.4326787
1382  -12.39633759
1383  -12.41548231
1384  -12.45970052
1385  -12.48717295
1386  -12.47564173
1387  -12.44444266
1388  -12.49427007
1389  -12.65968396
1390  -12.82474408
1391  -12.86441111
1392  -12.8177783
1393  -12.80332033
1394  -12.79523583
1395  -12.6760067
1396  -12.4797745
1397  -12.33992706
1398  -12.30642609
1399  -12.36220991
1400  -12.45483966
1401  -12.5150676
1402  -12.54765683
1403  -12.66070606
1404  -12.87176678
1405  -12.99090942
1406  -12.87342538
1407  -12.67258549
1408  -12.5965162
1409  -12.62307833
1410  -12.6127125
1411  -12.46625942
1412  -12.20843164
1413  -12.02055059
1414  -12.07184403
1415  -12.27466544
1416  -12.34512084
1417  -12.1924873
1418  -12.08228218
1419  -12.22702436
1420  -12.49274429
1421  -12.62082866
1422  -12.50217058
1423  -12.28062683
1424  -12.22021717
1425  -12.41202148
1426  -12.64370589
1427  -12.63479878
1428  -12.42880292
1429  -12.34524685
1430  -12.48714427
1431  -12.60850887
1432  -12.47232448
1433  -12.12323996
1434  -11.85581043
1435  -11.91265638
1436  -12.22548304
1437  -12.48067375
1438  -12.46514804
1439  -12.35121041
1440  -12.46726277
1441  -12.78112849
1442  -12.94428943
1443  -12.75828858
1444  -12.38181851
1445  -12.13828331
1446  -12.17813351
1447  -12.36096432
1448  -12.41681599
1449  -12.23306676
1450  -12.02900324
1451  -12.05602915
1452  -12.25500903
1453  -12.33321975
1454  -12.17867255
1455  -12.00097213
1456  -12.03873324
1457  -12.30859201
1458  -12.62157679
1459  -12.74331473
1460  -12.59166148
1461  -12.35363832
1462  -12.27279061
1463  -12.30365168
1464  -12.22606636
1465  -12.00461048
1466  -11.79598413
1467  -11.7363912
1468  -11.84387199
1469  -12.04180217
1470  -12.19258253
1471  -12.20501751
1472  -12.16944171
1473  -12.23783372
1474  -12.38961656
1475  -12.46835812
1476  -12.46071248
1477  -12.43622199
1478  -12.41078597
1479  -12.40674681
1480  -12.42426397
1481  -12.4067076
1482  -12.33006272
1483  -12.25453207
1484  -12.23426312
1485  -12.27485722
1486  -12.34438171
1487  -12.38926332
1488  -12.38206212
1489  -12.36558441
1490  -12.41113862
1491  -12.51514451
1492  -12.58803385
1493  -12.57719232
1494  -12.51273284
1495  -12.45971411
1496  -12.45315159
1497  -12.43847613
1498  -12.33807342
1499  -12.17736803
1500  -12.07797196
1501  -12.0757765
1502  -12.10703564
1503  -12.13788732
1504  -12.1823453
1505  -12.24782853
1506  -12.33522967
1507  -12.44253291
1508  -12.51290025
1509  -12.49008249
1510  -12.4128016
1511  -12.3642773
1512  -12.35454478
1513  -12.31934775
1514  -12.21104421
1515  -12.06663614
1516  -11.97722068
1517  -11.97701167
1518  -12.00014148
1519  -11.9787022
1520  -11.94433038
1521  -11.99253078
1522  -12.13891068
1523  -12.28017322
1524  -12.31521223
1525  -12.24230857
1526  -12.19757397
1527  -12.2540086
1528  -12.30061359
1529  -12.22716966
1530  -12.08675391
1531  -12.0337687
1532  -12.14002871
1533  -12.29489464
1534  -12.34596872
1535  -12.2594021
1536  -12.14133374
1537  -12.16206576
1538  -12.30098096
1539  -12.34192638
1540  -12.20608546
1541  -12.08339078
1542  -12.19605822
1543  -12.52213343
1544  -12.82129801
1545  -12.91963876
1546  -12.8275117
1547  -12.71417356
1548  -12.7401071
1549  -12.77068673
1550  -12.56357697
1551  -12.23366456
1552  -12.07963896
1553  -12.23429659
1554  -12.5078447
1555  -12.64243225
1556  -12.61359482
1557  -12.56296065
1558  -12.62694768
1559  -12.78505845
1560  -12.82884623
1561  -12.64952054
1562  -12.43692855
1563  -12.45384918
1564  -12.67942577
1565  -12.82943389
1566  -12.71618713
1567  -12.44749842
1568  -12.26086885
1569  -12.25591268
1570  -12.30708567
1571  -12.23571002
1572  -12.06551151
1573  -12.02863732
1574  -12.26642411
1575  -12.62626509
1576  -12.8434042
1577  -12.8129765
1578  -12.64821487
1579  -12.56230858
1580  -12.59785228
1581  -12.5918071
1582  -12.42373674
1583  -12.20191698
1584  -12.12818221
1585  -12.22268634
1586  -12.33487659
1587  -12.34997928
1588  -12.25937132
1589  -12.18761834
1590  -12.29595665
1591  -12.51368812
1592  -12.63098202
1593  -12.61154945
1594  -12.60113491
1595  -12.67465414
1596  -12.74234412
1597  -12.72958941
1598  -12.65569476
1599  -12.55130911
1600  -12.50279191
1601  -12.56426138
1602  -12.60763897
1603  -12.53644746
1604  -12.44601753
1605  -12.4394909
1606  -12.4562296
1607  -12.41935591
1608  -12.40089654
1609  -12.47369688
1610  -12.55731989
1611  -12.59370956
1612  -12.62301618
1613  -12.63825383
1614  -12.64259683
1615  -12.69058051
1616  -12.73151197
1617  -12.65043989
1618  -12.49045761
1619  -12.43647684
1620  -12.51758229
1621  -12.55214471
1622  -12.47128769
1623  -12.38321101
1624  -12.35401869
1625  -12.41286287
1626  -12.52483172
1627  -12.55229908
1628  -12.45989086
1629  -12.42237033
1630  -12.59604613
1631  -12.83102894
1632  -12.84285483
1633  -12.62010652
1634  -12.3818983
1635  -12.27009899
1636  -12.27850332
1637  -12.27942053
1638  -12.15989542
1639  -12.009443
1640  -12.05176283
1641  -12.31758653
1642  -12.5385407
1643  -12.46687804
1644  -12.21171568
1645  -12.08980195
1646  -12.20650439
1647  -12.39322894
1648  -12.44961176
1649  -12.37299951
1650  -12.37558302
1651  -12.58994023
1652  -12.85457454
1653  -12.91110995
1654  -12.67035645
1655  -12.34659846
1656  -12.24272792
1657  -12.35013083
1658  -12.4095674
1659  -12.29450073
1660  -12.17687128
1661  -12.29909734
1662  -12.60710694
1663  -12.83201867
1664  -12.83872448
1665  -12.69301293
1666  -12.60886114
1667  -12.70921151
1668  -12.80461226
1669  -12.66175979
1670  -12.34818068
1671  -12.17128285
1672  -12.25803455
1673  -12.36297601
1674  -12.28803766
1675  -12.15455829
1676  -12.13563604
1677  -12.32771925
1678  -12.60234948
1679  -12.64546902
1680  -12.37256101
1681  -12.0836767
1682  -12.10995852
1683  -12.34109396
1684  -12.38044937
1685  -12.1657619
1686  -12.00816999
1687  -12.10887415
1688  -12.36955138
1689  -12.49089582
1690  -12.27350708
1691  -11.91112954
1692  -11.83293342
1693  -12.16045694
1694  -12.49307145
1695  -12.44407876
1696  -12.19185478
1697  -12.18872358
1698  -12.50146811
1699  -12.78750522
1700  -12.72112598
1701  -12.43435195
1702  -12.2965796
1703  -12.52178103
1704  -12.88593525
1705  -12.94191938
1706  -12.59185538
1707  -12.27394846
1708  -12.37465547
1709  -12.69823313
1710  -12.82005303
1711  -12.61283292
1712  -12.3372755
1713  -12.3601707
1714  -12.72920296
1715  -13.07513617
1716  -13.01240949
1717  -12.62155205
1718  -12.4312798
1719  -12.69992655
1720  -13.02602691
1721  -12.97064559
1722  -12.59729484
1723  -12.31916178
1724  -12.41406872
1725  -12.73707122
1726  -12.90637271
1727  -12.71370739
1728  -12.39617531
1729  -12.42715197
1730  -12.82615393
1731  -13.08143254
1732  -12.90268542
1733  -12.55186333
1734  -12.43655733
1735  -12.64348712
1736  -12.91775195
1737  -12.95710603
1738  -12.71116977
1739  -12.50092964
1740  -12.64350725
1741  -12.91935844
1742  -12.86332303
1743  -12.4604824
1744  -12.12128701
1745  -12.13377909
1746  -12.40961149
1747  -12.67131589
1748  -12.71371409
1749  -12.59830464
1750  -12.62666272
1751  -12.89666501
1752  -13.05733791
1753  -12.82985925
1754  -12.42372236
1755  -12.21622434
1756  -12.30866434
1757  -12.53532927
1758  -12.68881893
1759  -12.6891382
1760  -12.65606402
1761  -12.75218427
1762  -12.91630699
1763  -12.89786463
1764  -12.64714613
1765  -12.43134895
1766  -12.45424243
1767  -12.65168831
1768  -12.84445793
1769  -12.91848703
1770  -12.90593763
1771  -12.90669728
1772  -12.93425692
1773  -12.9001475
1774  -12.71863322
1775  -12.47345758
1776  -12.32362121
1777  -12.3232016
1778  -12.39589153
1779  -12.44028654
1780  -12.43431586
1781  -12.44061189
1782  -12.46710213
1783  -12.46663319
1784  -12.44760892
1785  -12.4337724
1786  -12.43875358
1787  -12.4614436
1788  -12.46511626
1789  -12.40963487
1790  -12.30581021
1791  -12.24088838
1792  -12.25945386
1793  -12.27163425
1794  -12.23241836
1795  -12.2287661
1796  -12.30194419
1797  -12.39474814
1798  -12.44707788
1799  -12.441672
1800  -12.39952056
1801  -12.37088219
1802  -12.40460721
1803  -12.45934126
1804  -12.45173387
1805  -12.40625851
1806  -12.41549854
1807  -12.47323573
1808  -12.48779692
1809  -12.42347821
1810  -12.32972482
1811  -12.28756348
1812  -12.34918
1813  -12.46494905
1814  -12.53618541
1815  -12.53783403
1816  -12.52820129
1817  -12.56133367
1818  -12.58310646
1819  -12.51565248
1820  -12.38738518
1821  -12.30559087
1822  -12.35569478
1823  -12.49685058
1824  -12.5886562
1825  -12.58441433
1826  -12.56371478
1827  -12.56155883
1828  -12.5332043
1829  -12.43461222
1830  -12.2964819
1831  -12.22284969
1832  -12.29253635
1833  -12.45539181
1834  -12.54827524
1835  -12.51646776
1836  -12.51461537
1837  -12.63675413
1838  -12.76557394
1839  -12.76572347
1840  -12.6284925
1841  -12.46371681
1842  -12.4159956
1843  -12.52890842
1844  -12.65090759
1845  -12.58728063
1846  -12.39150526
1847  -12.30999926
1848  -12.40064336
1849  -12.46880375
1850  -12.38587732
1851  -12.19336961
1852  -12.07223359
1853  -12.18408271
1854  -12.44666293
1855  -12.54627552
1856  -12.35583911
1857  -12.157258
1858  -12.23193132
1859  -12.44322947
1860  -12.46464767
1861  -12.22368051
1862  -11.93772909
1863  -11.88755863
1864  -12.15269829
1865  -12.45527001
1866  -12.45630807
1867  -12.25286953
1868  -12.23597044
1869  -12.51451122
1870  -12.79652835
1871  -12.7938658
1872  -12.54622274
1873  -12.34354919
1874  -12.4368965
1875  -12.7494229
1876  -12.91756873
1877  -12.77459135
1878  -12.51422376
1879  -12.46616849
1880  -12.65945589
1881  -12.81808771
1882  -12.72419719
1883  -12.47567356
1884  -12.36863841
1885  -12.56944749
1886  -12.88500235
1887  -12.95920764
1888  -12.72893156
1889  -12.51471809
1890  -12.57082085
1891  -12.75925412
1892  -12.78114545
1893  -12.54959112
1894  -12.27313024
1895  -12.2234503
1896  -12.4200855
1897  -12.59225326
1898  -12.51162149
1899  -12.28115283
1900  -12.2159992
1901  -12.38682662
1902  -12.54620264
1903  -12.51411447
1904  -12.31302135
1905  -12.16210898
1906  -12.22868676
1907  -12.40921375
1908  -12.47655247
1909  -12.35029186
1910  -12.16286679
1911  -12.12716407
1912  -12.26249603
1913  -12.35159303
1914  -12.23419595
1915  -12.00447462
1916  -11.89238987
1917  -11.97642511
1918  -12.12530666
1919  -12.19568877
1920  -12.14718263
1921  -12.07613077
1922  -12.16904049
1923  -12.42507002
1924  -12.5995762
1925  -12.54783293
1926  -12.42894047
1927  -12.40303743
1928  -12.44545704
1929  -12.48047081
1930  -12.47351645
1931  -12.40273743
1932  -12.32891009
1933  -12.38888621
1934  -12.54306005
1935  -12.60323457
1936  -12.53815024
1937  -12.47931162
1938  -12.50369411
1939  -12.60169789
1940  -12.74882658
1941  -12.86408414
1942  -12.84341038
1943  -12.74307116
1944  -12.71259075
1945  -12.72033793
1946  -12.63301818
1947  -12.45956906
1948  -12.29381593
1949  -12.19576959
1950  -12.21390315
1951  -12.31341373
1952  -12.35694156
1953  -12.31339965
1954  -12.29306605
1955  -12.3568368
1956  -12.38717248
1957  -12.30152209
1958  -12.17000352
1959  -12.07091375
1960  -12.04549349
1961  -12.10139771
1962  -12.14920296
1963  -12.10081975
1964  -12.02471716
1965  -12.05258538
1966  -12.16242721
1967  -12.21666513
1968  -12.18825077
1969  -12.14241222
1970  -12.14063649
1971  -12.23745931
1972  -12.38696846
1973  -12.44067854
1974  -12.37311515
1975  -12.32872359
1976  -12.4060392
1977  -12.52452714
1978  -12.55062977
1979  -12.45989778
1980  -12.32257624
1981  -12.26817935
1982  -12.36154015
1983  -12.47158508
1984  -12.44350749
1985  -12.3567282
1986  -12.39592976
1987  -12.56672835
1988  -12.70964228
1989  -12.69951755
1990  -12.54154706
1991  -12.36186105
1992  -12.31159068
1993  -12.37699979
1994  -12.37732055
1995  -12.24348653
1996  -12.14057125
1997  -12.20840503
1998  -12.37891863
1999  -12.48322887
2000  -12.41697351
2001  -12.26306257
2002  -12.21839649
2003  -12.3621252
2004  -12.53540553
2005  -12.53023039
2006  -12.37066956
2007  -12.27729475
2008  -12.34926108
2009  -12.4719583
2010  -12.48238663
2011  -12.34513304
2012  -12.21566963
2013  -12.26561911
2014  -12.45781772
2015  -12.58238942
2016  -12.50423428
2017  -12.3245356
2018  -12.24183035
2019  -12.2948192
2020  -12.36467737
2021  -12.3384977
2022  -12.25416567
2023  -12.27067758
2024  -12.44517424
2025  -12.6323169
2026  -12.66351987
2027  -12.53409995
2028  -12.37869714
2029  -12.33852134
2030  -12.39777068
2031  -12.42679053
2032  -12.36061054
2033  -12.29681846
2034  -12.36430952
2035  -12.54549793
2036  -12.69546787
2037  -12.69853854
2038  -12.59142111
2039  -12.54508493
2040  -12.66435865
2041  -12.82219959
2042  -12.83517524
2043  -12.7161652
2044  -12.63075257
2045  -12.68057255
2046  -12.81087524
2047  -12.88733537
2048  -12.82745594
2049  -12.7135371
2050  -12.74059764
2051  -12.93998983
2052  -13.07993459
2053  -12.97543237
2054  -12.72738896
2055  -12.55091248
2056  -12.54736734
2057  -12.65619674
2058  -12.72709666
2059  -12.66587951
2060  -12.57687871
2061  -12.65433649
2062  -12.85898484
2063  -12.92231748
2064  -12.73480548
2065  -12.46057433
2066  -12.30305279
2067  -12.33405046
2068  -12.4748442
2069  -12.55723341
2070  -12.49217432
2071  -12.41730705
2072  -12.51878029
2073  -12.70707687
2074  -12.73393599
2075  -12.56421258
2076  -12.35673869
2077  -12.29492928
2078  -12.43322791
2079  -12.65383336
2080  -12.74424439
2081  -12.6215039
2082  -12.46813521
2083  -12.47756332
2084  -12.56693388
2085  -12.53882428
2086  -12.38327819
2087  -12.26302672
2088  -12.32292878
2089  -12.56032449
2090  -12.80386937
2091  -12.84974976
2092  -12.70086835
2093  -12.58920958
2094  -12.65756729
2095  -12.77584484
2096  -12.76372888
2097  -12.6368519
2098  -12.55105111
2099  -12.61306293
2100  -12.77011669
2101  -12.85517495
2102  -12.74546458
2103  -12.4994505
2104  -12.36154327
2105  -12.46816055
2106  -12.68396416
2107  -12.79938648
2108  -12.78171287
2109  -12.75526989
2110  -12.82321695
2111  -12.95546551
2112  -13.00720621
2113  -12.86418153
2114  -12.61797256
2115  -12.49521324
2116  -12.57386597
2117  -12.70866076
2118  -12.7410414
2119  -12.68911286
2120  -12.67496841
2121  -12.75914488
2122  -12.89463249
2123  -12.97645618
2124  -12.9336305
2125  -12.82587878
2126  -12.78165404
2127  -12.81079866
2128  -12.80431512
2129  -12.69745116
2130  -12.55865538
2131  -12.49103924
2132  -12.52227821
2133  -12.60410504
2134  -12.65656815
2135  -12.63587813
2136  -12.59713605
2137  -12.5987249
2138  -12.59502356
2139  -12.52253242
2140  -12.40439046
2141  -12.32958206
2142  -12.35312732
2143  -12.45783081
2144  -12.59295051
2145  -12.70868756
2146  -12.77860567
2147  -12.81997137
2148  -12.83431132
2149  -12.78652386
2150  -12.68105991
2151  -12.5647791
2152  -12.50735999
2153  -12.54301968
2154  -12.65142013
2155  -12.78677851
2156  -12.89429219
2157  -12.95043968
2158  -12.97435076
2159  -12.94761034
2160  -12.84362703
2161  -12.7080383
2162  -12.6141856
2163  -12.59314138
2164  -12.62527522
2165  -12.67051611
2166  -12.68915462
2167  -12.65823316
2168  -12.60732975
2169  -12.56295604
2170  -12.48964657
2171  -12.38688972
2172  -12.31666591
2173  -12.31952438
2174  -12.38341975
2175  -12.47282345
2176  -12.53824522
2177  -12.5527838
2178  -12.57988844
2179  -12.67562272
2180  -12.76995858
2181  -12.75360665
2182  -12.65198731
2183  -12.58011589
2184  -12.60296639
2185  -12.68687874
2186  -12.73927798
2187  -12.68130172
2188  -12.54140704
2189  -12.47441738
2190  -12.57268587
2191  -12.70891652
2192  -12.72893843
2193  -12.66715766
2194  -12.6461133
2195  -12.7171857
2196  -12.83195151
2197  -12.88210604
2198  -12.77935236
2199  -12.59055862
2200  -12.50810526
2201  -12.58591955
2202  -12.65163278
2203  -12.57288733
2204  -12.41567798
2205  -12.32001723
2206  -12.3695532
2207  -12.5413301
2208  -12.69286555
2209  -12.67845217
2210  -12.56766541
2211  -12.59817722
2212  -12.80960127
2213  -12.96214637
2214  -12.91209671
2215  -12.76650467
2216  -12.69968391
2217  -12.79251065
2218  -12.97041598
2219  -13.03986845
2220  -12.90086012
2221  -12.71573527
2222  -12.70550316
2223  -12.81225413
2224  -12.80159621
2225  -12.63388396
2226  -12.48877335
2227  -12.51241649
2228  -12.71262404
2229  -12.94638637
2230  -13.01508171
2231  -12.88165735
2232  -12.74340553
2233  -12.78444279
2234  -12.90197156
2235  -12.86198398
2236  -12.64138877
2237  -12.40940833
2238  -12.33073067
2239  -12.43744979
2240  -12.58656395
2241  -12.58659796
2242  -12.44297671
2243  -12.39861194
2244  -12.60145006
2245  -12.86079214
2246  -12.92527288
2247  -12.80284044
2248  -12.67221311
2249  -12.67413833
2250  -12.80081286
2251  -12.91450685
2252  -12.88993575
2253  -12.76590906
2254  -12.73728419
2255  -12.88722591
2256  -13.06346048
2257  -13.09194146
2258  -12.98833877
2259  -12.88883726
2260  -12.8998589
2261  -13.02413585
2262  -13.14683206
2263  -13.13947688
2264  -13.03753457
2265  -13.00286451
2266  -13.07337832
2267  -13.08722446
2268  -12.92919857
2269  -12.6901701
2270  -12.51814242
2271  -12.48033522
2272  -12.5482456
2273  -12.6060199
2274  -12.57038731
2275  -12.52545415
2276  -12.56820886
2277  -12.65059732
2278  -12.65903236
2279  -12.5691835
2280  -12.47073035
2281  -12.4293198
2282  -12.45749473
2283  -12.53623778
2284  -12.60083605
2285  -12.59856159
2286  -12.56435238
2287  -12.55884553
2288  -12.57122564
2289  -12.54770896
2290  -12.49736955
2291  -12.4788085
2292  -12.5173841
2293  -12.60372257
2294  -12.70396019
2295  -12.7447604
2296  -12.67541267
2297  -12.56095073
2298  -12.48536069
2299  -12.42553692
2300  -12.33827786
2301  -12.23457822
2302  -12.18387784
2303  -12.23663392
2304  -12.36752829
2305  -12.49709523
2306  -12.53240633
2307  -12.46321842
2308  -12.39856758
2309  -12.3999142
2310  -12.40380659
2311  -12.35145586
2312  -12.2801034
2313  -12.28417913
2314  -12.3961076
2315  -12.54965525
2316  -12.65988703
2317  -12.6718776
2318  -12.59729859
2319  -12.52997602
2320  -12.52361764
2321  -12.51278088
2322  -12.4286744
2323  -12.33271233
2324  -12.34157793
2325  -12.45395213
2326  -12.57410474
2327  -12.64461708
2328  -12.65215259
2329  -12.63684393
2330  -12.66266452
2331  -12.72192527
2332  -12.7166538
2333  -12.60546883
2334  -12.4960609
2335  -12.50670121
2336  -12.59763059
2337  -12.62397197
2338  -12.52587756
2339  -12.39642035
2340  -12.35864204
2341  -12.41363678
2342  -12.45334971
2343  -12.38513821
2344  -12.25115154
2345  -12.20255782
2346  -12.32136077
2347  -12.49176511
2348  -12.53301876
2349  -12.45773554
2350  -12.45404187
2351  -12.60518857
2352  -12.77267699
2353  -12.77063111
2354  -12.5689593
2355  -12.32136149
2356  -12.22118974
2357  -12.31864676
2358  -12.453086
2359  -12.44567501
2360  -12.35101357
2361  -12.40014536
2362  -12.67041869
2363  -12.92953839
2364  -12.95159103
2365  -12.78393064
2366  -12.64077052
2367  -12.68893441
2368  -12.89800677
2369  -13.04165883
2370  -12.94129662
2371  -12.69091094
2372  -12.56410707
2373  -12.64972093
2374  -12.71595108
2375  -12.58604008
2376  -12.36965868
2377  -12.26953025
2378  -12.39127753
2379  -12.64995332
2380  -12.83216959
2381  -12.81598527
2382  -12.70039627
2383  -12.6918205
2384  -12.79654375
2385  -12.80245364
2386  -12.63857617
2387  -12.44757922
2388  -12.38581953
2389  -12.48777922
2390  -12.66245885
2391  -12.77444132
2392  -12.7452308
2393  -12.62833154
2394  -12.5713829
2395  -12.61154973
2396  -12.62853303
2397  -12.57835265
2398  -12.5414813
2399  -12.57788699
2400  -12.66852089
2401  -12.77823651
2402  -12.86072648
2403  -12.83481282
2404  -12.69121343
2405  -12.5466908
2406  -12.48731009
2407  -12.44418866
2408  -12.37101873
2409  -12.31422567
2410  -12.30121057
2411  -12.33189022
2412  -12.42898779
2413  -12.56994783
2414  -12.649915
2415  -12.61203993
2416  -12.55996267
2417  -12.59151551
2418  -12.66103733
2419  -12.71422413
2420  -12.73218398
2421  -12.70220808
2422  -12.67047209
2423  -12.71503734
2424  -12.81345407
2425  -12.83593812
2426  -12.75052492
2427  -12.68214794
2428  -12.70605569
2429  -12.7664198
2430  -12.79195313
2431  -12.75404685
2432  -12.67774549
2433  -12.63541474
2434  -12.67476157
2435  -12.7439243
2436  -12.73797106
2437  -12.67891614
2438  -12.69519488
2439  -12.79787013
2440  -12.88481865
2441  -12.88144797
2442  -12.78313186
2443  -12.65308375
2444  -12.58093567
2445  -12.59956585
2446  -12.62066635
2447  -12.56687762
2448  -12.51898044
2449  -12.58451855
2450  -12.7310252
2451  -12.83926326
2452  -12.82879066
2453  -12.72918817
2454  -12.63093048
2455  -12.61484897
2456  -12.65502513
2457  -12.62926558
2458  -12.50228045
2459  -12.38747453
2460  -12.38058728
2461  -12.42708879
2462  -12.43124943
2463  -12.39192264
2464  -12.37655244
2465  -12.44736758
2466  -12.61453848
2467  -12.79357582
2468  -12.88420497
2469  -12.88955426
2470  -12.90003884
2471  -12.94936718
2472  -12.97051931
2473  -12.92372791
2474  -12.84001353
2475  -12.76004764
2476  -12.72280335
2477  -12.71936411
2478  -12.70706288
2479  -12.67783236
2480  -12.64465928
2481  -12.630745
2482  -12.65511294
2483  -12.70666435
2484  -12.77094646
2485  -12.83824468
2486  -12.90905067
2487  -12.96082256
2488  -12.92536566
2489  -12.81525575
2490  -12.70783337
2491  -12.61819908
2492  -12.53103888
2493  -12.45928272
2494  -12.43786062
2495  -12.48553918
2496  -12.58008025
2497  -12.68865388
2498  -12.74821543
2499  -12.72220564
2500  -12.70182602
2501  -12.76977406
2502  -12.85419578
2503  -12.84519238
2504  -12.75891254
2505  -12.70958503
2506  -12.74393264
2507  -12.80291031
2508  -12.79575771
2509  -12.66669318
2510  -12.48422033
2511  -12.41794208
2512  -12.50552113
2513  -12.58268509
2514  -12.5379644
2515  -12.46972191
2516  -12.50579231
2517  -12.63364394
2518  -12.75249114
2519  -12.75941207
2520  -12.62996635
2521  -12.49272739
2522  -12.53176455
2523  -12.7094041
2524  -12.78280382
2525  -12.66895878
2526  -12.53206852
2527  -12.51725681
2528  -12.61373842
2529  -12.70298702
2530  -12.66763646
2531  -12.51749572
2532  -12.42618437
2533  -12.55604324
2534  -12.78266815
2535  -12.84343864
2536  -12.74188388
2537  -12.67255093
2538  -12.73049688
2539  -12.85361612
2540  -12.89744987
2541  -12.77844295
2542  -12.58214637
2543  -12.49883346
2544  -12.59869193
2545  -12.69812371
2546  -12.63256839
2547  -12.48938628
2548  -12.40984609
2549  -12.43592863
2550  -12.52533885
2551  -12.5694039
2552  -12.49888267
2553  -12.40679799
2554  -12.43452314
2555  -12.57219717
2556  -12.64650554
2557  -12.59475762
2558  -12.50939605
2559  -12.46881792
2560  -12.50555076
2561  -12.59117734
2562  -12.62176047
2563  -12.55449807
2564  -12.48527362
2565  -12.50195623
2566  -12.54978089
2567  -12.53716076
2568  -12.48692419
2569  -12.44982853
2570  -12.45688696
2571  -12.5451752
2572  -12.68971719
2573  -12.7842529
2574  -12.79631284
2575  -12.77710756
2576  -12.77210425
2577  -12.77072241
2578  -12.72754203
2579  -12.62580564
2580  -12.49179291
2581  -12.40653005
2582  -12.46315109
2583  -12.62901962
2584  -12.75987386
2585  -12.79645383
2586  -12.79053763
2587  -12.82140477
2588  -12.91505598
2589  -12.98204423
2590  -12.92001173
2591  -12.73891122
2592  -12.57412534
2593  -12.56965761
2594  -12.68394258
2595  -12.74502377
2596  -12.67144326
2597  -12.53872764
2598  -12.51308591
2599  -12.64404977
2600  -12.77726775
2601  -12.77269012
2602  -12.64959822
2603  -12.56507441
2604  -12.64383156
2605  -12.79819402
2606  -12.83861987
2607  -12.69893946
2608  -12.51811256
2609  -12.51329239
2610  -12.67625565
2611  -12.79566111
2612  -12.74711258
2613  -12.59904018
2614  -12.54205792
2615  -12.66728307
2616  -12.81697361
2617  -12.77965754
2618  -12.55739454
2619  -12.39214296
2620  -12.4698127
2621  -12.6713378
2622  -12.77868776
2623  -12.72612726
2624  -12.62277979
2625  -12.64974052
2626  -12.83483743
2627  -12.95142313
2628  -12.80616651
2629  -12.51075485
2630  -12.3455007
2631  -12.38734888
2632  -12.47718115
2633  -12.48050626
2634  -12.41416207
2635  -12.41299465
2636  -12.59624635
2637  -12.86403875
2638  -12.95076686
2639  -12.79288816
2640  -12.62897145
2641  -12.63583879
2642  -12.72483205
2643  -12.72897519
2644  -12.60491349
2645  -12.45722211
2646  -12.44745462
2647  -12.6074187
2648  -12.74179254
2649  -12.67681342
2650  -12.54384301
2651  -12.54318683
2652  -12.651584
2653  -12.73812671
2654  -12.73221029
2655  -12.66631023
2656  -12.64781482
2657  -12.76849454
2658  -12.95933362
2659  -13.01639148
2660  -12.88474953
2661  -12.75872387
2662  -12.75378162
2663  -12.77727333
2664  -12.72273033
2665  -12.58488656
2666  -12.45090817
2667  -12.44070811
2668  -12.56828228
2669  -12.66569546
2670  -12.59888515
2671  -12.50099334
2672  -12.5624396
2673  -12.71547071
2674  -12.7927377
2675  -12.75215338
2676  -12.69008309
2677  -12.71878803
2678  -12.8569611
2679  -12.9570016
2680  -12.85957778
2681  -12.67234479
2682  -12.6213978
2683  -12.68185356
2684  -12.66766167
2685  -12.53499393
2686  -12.39911201
2687  -12.39089023
2688  -12.55533941
2689  -12.77878029
2690  -12.83014438
2691  -12.67083161
2692  -12.56256126
2693  -12.64996727
2694  -12.78256925
2695  -12.78394995
2696  -12.65286774
2697  -12.52547903
2698  -12.53721668
2699  -12.69850093
2700  -12.82130318
2701  -12.71037454
2702  -12.4977959
2703  -12.45485338
2704  -12.57903059
2705  -12.68988029
2706  -12.67399392
2707  -12.58249567
2708  -12.5677983
2709  -12.72994887
2710  -12.9800903
2711  -13.07548686
2712  -12.93463816
2713  -12.78536281
2714  -12.78193318
2715  -12.82497359
2716  -12.78737738
2717  -12.63874084
2718  -12.48124634
2719  -12.47581197
2720  -12.67566054
2721  -12.92549617
2722  -13.00966118
2723  -12.94252795
2724  -12.90921746
2725  -12.95619198
2726  -13.02032892
2727  -13.03631986
2728  -12.96426405
2729  -12.88356477
2730  -12.91956874
2731  -13.07622625
2732  -13.20426017
2733  -13.1968565
2734  -13.1019756
2735  -12.98001694
2736  -12.85404985
2737  -12.74303691
2738  -12.62964349
2739  -12.50320183
2740  -12.43710633
2741  -12.50383798
2742  -12.66001915
2743  -12.81682904
2744  -12.95792665
2745  -13.03639811
2746  -12.98933618
2747  -12.90345482
2748  -12.87858131
2749  -12.86430107
2750  -12.78617856
2751  -12.6483311
2752  -12.50444232
2753  -12.40736325
2754  -12.43133533
2755  -12.55423346
2756  -12.58500841
2757  -12.49034566
2758  -12.48581955
2759  -12.66943359
2760  -12.8704043
2761  -12.91536718
2762  -12.80251272
2763  -12.61998189
2764  -12.5001303
2765  -12.552847
2766  -12.65162154
2767  -12.57013029
2768  -12.3798188
2769  -12.35996413
2770  -12.56333731
2771  -12.75342186
2772  -12.7396699
2773  -12.54115822
2774  -12.32341707
2775  -12.30348794
2776  -12.47165114
2777  -12.51863227
2778  -12.3458546
2779  -12.21765
2780  -12.37348819
2781  -12.67237647
2782  -12.81597307
2783  -12.71656256
2784  -12.52460137
2785  -12.46513601
2786  -12.62214005
2787  -12.78582066
2788  -12.68912752
2789  -12.38892449
2790  -12.23189814
2791  -12.37774812
2792  -12.60218721
2793  -12.66542063
2794  -12.58750353
2795  -12.55281359
2796  -12.70531636
2797  -12.97937182
2798  -13.14027407
2799  -13.00824472
2800  -12.69067501
2801  -12.54407237
2802  -12.62163371
2803  -12.67177411
2804  -12.55014388
2805  -12.39345388
2806  -12.42472728
2807  -12.67808164
2808  -12.95707164
2809  -13.03871631
2810  -12.87295388
2811  -12.66249379
2812  -12.62386753
2813  -12.67938124
2814  -12.61119853
2815  -12.42123
2816  -12.31684506
2817  -12.40785789
2818  -12.57494921
2819  -12.67620934
2820  -12.68332903
2821  -12.64278937
2822  -12.6399473
2823  -12.68246357
2824  -12.65123234
2825  -12.49928402
2826  -12.35862875
2827  -12.39011248
2828  -12.53134001
2829  -12.62059583
2830  -12.63186449
2831  -12.61892233
2832  -12.64899252
2833  -12.77242094
2834  -12.88889977
2835  -12.83120775
2836  -12.65003186
2837  -12.5770888
2838  -12.65792431
2839  -12.6962879
2840  -12.57963598
2841  -12.41729058
2842  -12.40123103
2843  -12.61239461
2844  -12.89521232
2845  -12.98598006
2846  -12.85449996
2847  -12.76041649
2848  -12.86497244
2849  -12.98556237
2850  -12.8895513
2851  -12.64472438
2852  -12.44288889
2853  -12.42373936
2854  -12.56396319
2855  -12.66211101
2856  -12.57972842
2857  -12.47034311
2858  -12.56829402
2859  -12.82863791
2860  -13.01132501
2861  -12.9997443
2862  -12.87251169
2863  -12.79732782
2864  -12.88386031
2865  -13.03062659
2866  -12.99249767
2867  -12.74753348
2868  -12.58615757
2869  -12.68413792
2870  -12.88020603
2871  -12.95030387
2872  -12.8437879
2873  -12.68088417
2874  -12.64309475
2875  -12.77710166
2876  -12.86241792
2877  -12.67437563
2878  -12.38448635
2879  -12.32473106
2880  -12.51476636
2881  -12.72896832
2882  -12.81633068
2883  -12.78436374
2884  -12.73756964
2885  -12.77910856
2886  -12.86582951
2887  -12.79615937
2888  -12.51579766
2889  -12.2766066
2890  -12.27271415
2891  -12.4302501
2892  -12.60858833
2893  -12.7327368
2894  -12.80041825
2895  -12.86710331
2896  -12.97851259
2897  -13.05733339
2898  -12.96542689
2899  -12.75464765
2900  -12.61108493
2901  -12.56550987
2902  -12.56940735
2903  -12.60316976
2904  -12.64190936
2905  -12.66530144
2906  -12.66520889
2907  -12.63524022
2908  -12.56240945
2909  -12.46480257
2910  -12.40848146
2911  -12.3989122
2912  -12.40421339
2913  -12.46149917
2914  -12.60330145
2915  -12.78884893
2916  -12.92981349
2917  -12.95157043
2918  -12.87201394
2919  -12.77901855
2920  -12.71719884
2921  -12.63094862
2922  -12.44265275
2923  -12.22397467
2924  -12.14842712
2925  -12.2719924
2926  -12.46369068
2927  -12.54223584
2928  -12.50925041
2929  -12.46926841
2930  -12.52355058
2931  -12.6404014
2932  -12.65569362
2933  -12.50272735
2934  -12.33078509
2935  -12.32210211
2936  -12.47218182
2937  -12.59889141
2938  -12.5470976
2939  -12.36546075
2940  -12.27164611
2941  -12.39517551
2942  -12.57252801
2943  -12.56376449
2944  -12.37734206
2945  -12.2324481
2946  -12.31338523
2947  -12.54950122
2948  -12.65533136
2949  -12.47702733
2950  -12.22497554
2951  -12.20833472
2952  -12.43271932
2953  -12.62114111
2954  -12.58516975
2955  -12.40464407
2956  -12.29819284
2957  -12.40386904
2958  -12.60552216
2959  -12.62398762
2960  -12.36458475
2961  -12.08487174
2962  -12.08081833
2963  -12.30350264
2964  -12.4736574
2965  -12.4566959
2966  -12.34806717
2967  -12.33931256
2968  -12.54712117
2969  -12.83285792
2970  -12.88933945
2971  -12.64489729
2972  -12.39433449
2973  -12.37128249
2974  -12.45421137
2975  -12.43936527
2976  -12.33096415
2977  -12.24939132
2978  -12.30381179
2979  -12.52069693
2980  -12.74617794
2981  -12.7663697
2982  -12.60542172
2983  -12.47716051
2984  -12.44457121
2985  -12.42230503
2986  -12.39209384
2987  -12.40120976
2988  -12.45897563
2989  -12.55236192
2990  -12.71043958
2991  -12.89542122
2992  -12.95694165
2993  -12.85378967
2994  -12.67683388
2995  -12.4750192
2996  -12.27814703
2997  -12.16202323
2998  -12.16592181
2999  -12.23305714
3000  -12.32732517
3001  -12.50201875
3002  -12.71938482
3003  -12.85562785
3004  -12.89735847
3005  -12.86183702
3006  -12.71342763
3007  -12.51273446
3008  -12.40164293
3009  -12.40268163
3010  -12.38398107
3011  -12.28458016
3012  -12.23123508
3013  -12.31910115
3014  -12.49574049
3015  -12.66776384
3016  -12.73691991
3017  -12.66708857
3018  -12.56877475
3019  -12.57005426
3020  -12.61702125
3021  -12.54129868
3022  -12.33402098
3023  -12.17062711
3024  -12.15279451
3025  -12.2524006
3026  -12.40294072
3027  -12.5086688
3028  -12.53295748
3029  -12.5694937
3030  -12.70080296
3031  -12.84052213
3032  -12.84759239
3033  -12.72937354
3034  -12.59262157
3035  -12.4962814
3036  -12.47866773
3037  -12.53548414
3038  -12.56613528
3039  -12.53014831
3040  -12.52518023
3041  -12.61058673
3042  -12.70204775
3043  -12.70286031
3044  -12.63431621
3045  -12.55113617
3046  -12.4450031
3047  -12.33026389
3048  -12.25852138
3049  -12.23664229
3050  -12.24852041
3051  -12.30538515
3052  -12.40531503
3053  -12.50954335
3054  -12.58185911
3055  -12.61329488
3056  -12.58402522
3057  -12.47488972
3058  -12.33158621
3059  -12.21994623
3060  -12.15532941
3061  -12.11812881
3062  -12.11504904
3063  -12.18745651
3064  -12.34155808
3065  -12.50365098
3066  -12.59683258
3067  -12.61910916
3068  -12.62036074
3069  -12.61480893
3070  -12.57932675
3071  -12.51218923
3072  -12.40260723
3073  -12.27107522
3074  -12.20713079
3075  -12.24157082
3076  -12.28394009
3077  -12.27412763
3078  -12.27655943
3079  -12.36112799
3080  -12.48514627
3081  -12.57692624
3082  -12.5901133
3083  -12.49231659
3084  -12.36214924
3085  -12.35307559
3086  -12.46465151
3087  -12.53344026
3088  -12.49574077
3089  -12.46602534
3090  -12.54001648
3091  -12.65884431
3092  -12.70439084
3093  -12.62325009
3094  -12.458826
3095  -12.34131088
3096  -12.37338387
3097  -12.49540814
3098  -12.56197886
3099  -12.55127244
3100  -12.57682188
3101  -12.70565613
3102  -12.83379859
3103  -12.8201222
3104  -12.67643782
3105  -12.51860704
3106  -12.47214231
3107  -12.56603506
3108  -12.68453955
3109  -12.69673552
3110  -12.62465716
3111  -12.60127292
3112  -12.65843945
3113  -12.66289959
3114  -12.52384533
3115  -12.32477731
3116  -12.21910005
3117  -12.27569921
3118  -12.4335886
3119  -12.5661872
3120  -12.5882164
3121  -12.54735337
3122  -12.5771951
3123  -12.67806362
3124  -12.68366348
3125  -12.54443555
3126  -12.39489511
3127  -12.33554976
3128  -12.33465791
3129  -12.34158099
3130  -12.32164767
3131  -12.24276402
3132  -12.16621742
3133  -12.20570789
3134  -12.33866321
3135  -12.43555637
3136  -12.47943177
3137  -12.55704684
3138  -12.6710207
3139  -12.74556913
3140  -12.75859679
3141  -12.69670921
3142  -12.53254407
3143  -12.33968024
3144  -12.23762765
3145  -12.2332718
3146  -12.24620629
3147  -12.26388125
3148  -12.32740527
3149  -12.40196999
3150  -12.44059633
3151  -12.48242509
3152  -12.52825398
3153  -12.52196556
3154  -12.47873149
3155  -12.43309583
3156  -12.37883858
3157  -12.32578422
3158  -12.31664891
3159  -12.34980036
3160  -12.35107164
3161  -12.3057609
3162  -12.29328369
3163  -12.32039741
3164  -12.3362722
3165  -12.34453119
3166  -12.35577918
3167  -12.36129766
3168  -12.35916789
3169  -12.37362462
3170  -12.42953137
3171  -12.52329664
3172  -12.63518995
3173  -12.74298086
3174  -12.80661092
3175  -12.81470657
3176  -12.83927921
3177  -12.8817719
3178  -12.84742835
3179  -12.70573468
3180  -12.53544323
3181  -12.4644378
3182  -12.54394078
3183  -12.68438706
3184  -12.77283326
3185  -12.79123892
3186  -12.79952546
3187  -12.83736474
3188  -12.87784174
3189  -12.8624835
3190  -12.74382002
3191  -12.55456082
3192  -12.43440866
3193  -12.47655078
3194  -12.59728407
3195  -12.67548286
3196  -12.69027998
3197  -12.70348413
3198  -12.77345372
3199  -12.87823967
3200  -12.92337812
3201  -12.84903014
3202  -12.72731784
3203  -12.70859554
3204  -12.81292516
3205  -12.88917167
3206  -12.85175433
3207  -12.7835477
3208  -12.7973379
3209  -12.89079599
3210  -12.98464732
3211  -13.01483122
3212  -12.97163398
3213  -12.93098399
3214  -12.9802687
3215  -13.05678467
3216  -12.99717705
3217  -12.78842704
3218  -12.60023232
3219  -12.55962203
3220  -12.63543897
3221  -12.7346902
3222  -12.79023585
3223  -12.80616185
3224  -12.86543878
3225  -13.0150366
3226  -13.14485837
3227  -13.08676638
3228  -12.84115024
3229  -12.61300792
3230  -12.55003416
3231  -12.5917079
3232  -12.61097831
3233  -12.5655311
3234  -12.5211368
3235  -12.58213511
3236  -12.75847613
3237  -12.90363168
3238  -12.86848021
3239  -12.72312276
3240  -12.66562738
3241  -12.72864372
3242  -12.78058377
3243  -12.74028842
3244  -12.64260386
3245  -12.58479798
3246  -12.63083299
3247  -12.73291014
3248  -12.77706585
3249  -12.72728198
3250  -12.68835324
3251  -12.73515925
3252  -12.80377509
3253  -12.80021062
3254  -12.7014764
3255  -12.57804507
3256  -12.52189209
3257  -12.54827238
3258  -12.57802076
3259  -12.54790683
3260  -12.50437594
3261  -12.54590974
3262  -12.68788049
3263  -12.80861344
3264  -12.7914571
3265  -12.66522309
3266  -12.54628636
3267  -12.49693851
3268  -12.47576558
3269  -12.39758113
3270  -12.26293821
3271  -12.20726864
3272  -12.34345782
3273  -12.60309533
3274  -12.80270012
3275  -12.84853177
3276  -12.83189083
3277  -12.8684169
3278  -12.94383045
3279  -12.95983655
3280  -12.8498414
3281  -12.68360439
3282  -12.62754612
3283  -12.74486699
3284  -12.90903637
3285  -12.95494218
3286  -12.87617505
3287  -12.81388623
3288  -12.85303253
3289  -12.93276726
3290  -12.94429104
3291  -12.82926052
3292  -12.6585512
3293  -12.6001287
3294  -12.69541012
3295  -12.78025787
3296  -12.70631859
3297  -12.53306757
3298  -12.42609965
3299  -12.44932345
3300  -12.54874438
3301  -12.60566567
3302  -12.52162374
3303  -12.39335225
3304  -12.40794733
3305  -12.57804005
3306  -12.69538214
3307  -12.63053594
3308  -12.49921417
3309  -12.46871621
3310  -12.5573664
3311  -12.68018601
3312  -12.73940266
3313  -12.67867282
3314  -12.57340134
3315  -12.58279552
3316  -12.7238584
3317  -12.83050459
3318  -12.82151158
3319  -12.78862183
3320  -12.81162834
3321  -12.88335001
3322  -12.96644738
3323  -12.98435838
3324  -12.86486758
3325  -12.67514544
3326  -12.6002107
3327  -12.66098141
3328  -12.70385044
3329  -12.66409498
3330  -12.59180179
3331  -12.54392584
3332  -12.56579326
3333  -12.64077576
3334  -12.66366465
3335  -12.58104128
3336  -12.49194454
3337  -12.50807774
3338  -12.60127781
3339  -12.66190331
3340  -12.62829518
3341  -12.51610432
3342  -12.41630855
3343  -12.43442061
3344  -12.55850574
3345  -12.66690758
3346  -12.70908425
3347  -12.73811988
3348  -12.78607821
3349  -12.85749823
3350  -12.91422699
3351  -12.88735699
3352  -12.76035918
3353  -12.62592005
3354  -12.61779486
3355  -12.72505918
3356  -12.82009141
3357  -12.87197059
3358  -12.92248606
3359  -12.96152014
3360  -12.99061305
3361  -12.99024473
3362  -12.88214378
3363  -12.67373848
3364  -12.51204672
3365  -12.50524906
3366  -12.56550884
3367  -12.55834795
3368  -12.52083501
3369  -12.5237464
3370  -12.54501734
3371  -12.58861919
3372  -12.64293498
3373  -12.63694608
3374  -12.58338917
3375  -12.59909526
3376  -12.7116538
3377  -12.79013299
3378  -12.77547581
3379  -12.75378055
3380  -12.76661485
3381  -12.75711533
3382  -12.72788403
3383  -12.70934746
3384  -12.67588129
3385  -12.62165189
3386  -12.59364736
3387  -12.60530428
3388  -12.60993621
3389  -12.60733652
3390  -12.67954087
3391  -12.83631464
3392  -12.97598509
3393  -13.04118509
3394  -13.06196865
3395  -13.06522869
3396  -13.04038054
3397  -12.97095557
3398  -12.85556537
3399  -12.70942521
3400  -12.58099606
3401  -12.53922227
3402  -12.56643248
3403  -12.56522066
3404  -12.52215653
3405  -12.54137155
3406  -12.67875007
3407  -12.84838832
3408  -12.93403036
3409  -12.90577961
3410  -12.79773393
3411  -12.67886066
3412  -12.62697815
3413  -12.60739616
3414  -12.50463715
3415  -12.32661791
3416  -12.24863283
3417  -12.37454036
3418  -12.57600726
3419  -12.68941194
3420  -12.70009442
3421  -12.67080495
3422  -12.66488486
3423  -12.71126368
3424  -12.7429796
3425  -12.65491303
3426  -12.47734217
3427  -12.40073859
3428  -12.52968402
3429  -12.72163859
3430  -12.80861434
3431  -12.77964895
3432  -12.70339841
3433  -12.64463132
3434  -12.62705302
3435  -12.59880813
3436  -12.47920659
3437  -12.29194105
3438  -12.19660948
3439  -12.28195707
3440  -12.4269538
3441  -12.48720891
3442  -12.46357135
3443  -12.43874427
3444  -12.46692121
3445  -12.54223827
3446  -12.6156283
3447  -12.62323029
3448  -12.564162
3449  -12.53713588
3450  -12.60158925
3451  -12.66433921
3452  -12.62858476
3453  -12.54224534
3454  -12.50460987
3455  -12.54444809
3456  -12.64356458
3457  -12.76247981
3458  -12.82630783
3459  -12.79449574
3460  -12.72666265
3461  -12.68922062
3462  -12.64410332
3463  -12.5444251
3464  -12.44020079
3465  -12.3985045
3466  -12.43977653
3467  -12.57115589
3468  -12.74738297
3469  -12.85548526
3470  -12.84135485
3471  -12.79427027
3472  -12.79883022
3473  -12.79700243
3474  -12.72008921
3475  -12.60681091
3476  -12.51189771
3477  -12.47069493
3478  -12.52847465
3479  -12.6541287
3480  -12.73149617
3481  -12.72672787
3482  -12.74303289
3483  -12.83774816
3484  -12.91955897
3485  -12.90216406
3486  -12.80361288
3487  -12.67329037
3488  -12.57979996
3489  -12.57955686
3490  -12.62126303
3491  -12.60112028
3492  -12.51918022
3493  -12.49604215
3494  -12.58512377
3495  -12.69130346
3496  -12.73090669
3497  -12.71543878
3498  -12.68008643
3499  -12.66359975
3500  -12.68350831
3501  -12.7167879
3502  -12.73288989
3503  -12.73774202
3504  -12.77009421
3505  -12.80587222
3506  -12.79206833
3507  -12.7451791
3508  -12.70018149
3509  -12.65752335
3510  -12.6183303
3511  -12.58027149
3512  -12.55773114
3513  -12.57420152
3514  -12.62838251
3515  -12.69405069
3516  -12.70608991
3517  -12.65163036
3518  -12.61635234
3519  -12.64893207
3520  -12.71592571
3521  -12.75118957
3522  -12.7156358
3523  -12.66923565
3524  -12.6948671
3525  -12.78918155
3526  -12.8672583
3527  -12.83740328
3528  -12.74274645
3529  -12.7347784
3530  -12.84806613
3531  -12.98068294
3532  -13.01284941
3533  -12.92139267
3534  -12.82206906
3535  -12.8305332
3536  -12.90932654
3537  -12.89577308
3538  -12.70130246
3539  -12.48580036
3540  -12.46747041
3541  -12.63778722
3542  -12.82156147
3543  -12.86556716
3544  -12.76593234
3545  -12.68239112
3546  -12.75080088
3547  -12.88528713
3548  -12.85596753
3549  -12.59708439
3550  -12.35030171
3551  -12.29334532
3552  -12.37347624
3553  -12.42980407
3554  -12.35005636
3555  -12.18174901
3556  -12.12864774
3557  -12.32231764
3558  -12.62560011
3559  -12.76562867
3560  -12.66342065
3561  -12.54784563
3562  -12.61106592
3563  -12.75608729
3564  -12.78378265
3565  -12.60376827
3566  -12.31546211
3567  -12.15023823
3568  -12.2303258
3569  -12.40388587
3570  -12.41927685
3571  -12.27336346
3572  -12.22856638
3573  -12.40250563
3574  -12.63438785
3575  -12.72885029
3576  -12.65157046
3577  -12.50521493
3578  -12.44083423
3579  -12.53569547
3580  -12.66244795
3581  -12.64977701
3582  -12.53921739
3583  -12.50901531
3584  -12.60645749
3585  -12.72626044
3586  -12.75214375
3587  -12.65523027
3588  -12.52892769
3589  -12.52662649
3590  -12.68464764
3591  -12.83242245
3592  -12.79949641
3593  -12.65305455
3594  -12.58448693
3595  -12.63534304
3596  -12.69244989
3597  -12.66937701
3598  -12.57468057
3599  -12.47846621
3600  -12.48203138
3601  -12.59966855
3602  -12.69246691
3603  -12.64696627
3604  -12.50795776
3605  -12.41555799
3606  -12.40956032
3607  -12.40957327
3608  -12.36089234
3609  -12.27846655
3610  -12.21090791
3611  -12.2250213
3612  -12.3379167
3613  -12.46544096
3614  -12.50935152
3615  -12.49809028
3616  -12.55798398
3617  -12.69515099
3618  -12.79077927
3619  -12.79828882
3620  -12.75143971
3621  -12.67520469
3622  -12.59699996
3623  -12.54340077
3624  -12.47713581
3625  -12.34111703
3626  -12.17496391
3627  -12.11898383
3628  -12.1905385
3629  -12.28192365
3630  -12.34330423
3631  -12.38686964
3632  -12.42794541
3633  -12.50637508
3634  -12.63999665
3635  -12.72916933
3636  -12.67814369
3637  -12.56418988
3638  -12.5245131
3639  -12.54832587
3640  -12.53906793
3641  -12.47627541
3642  -12.39264084
3643  -12.30992995
3644  -12.28995262
3645  -12.37376272
3646  -12.45655447
3647  -12.44002807
3648  -12.39200611
3649  -12.4178863
3650  -12.49581323
3651  -12.55582785
3652  -12.5838615
3653  -12.57773561
3654  -12.54445228
3655  -12.53840686
3656  -12.58567196
3657  -12.59436268
3658  -12.48611545
3659  -12.33560285
3660  -12.26399665
3661  -12.27993462
3662  -12.32369102
3663  -12.38011529
3664  -12.46667807
3665  -12.57807978
3666  -12.7181879
3667  -12.89954503
3668  -13.04080517
3669  -13.04080797
3670  -12.94089398
3671  -12.82825811
3672  -12.71102368
3673  -12.58304074
3674  -12.49411016
3675  -12.48573996
3676  -12.51354266
3677  -12.54345533
3678  -12.60952266
3679  -12.67694969
3680  -12.67617309
3681  -12.62944554
3682  -12.57442482
3683  -12.51035827
3684  -12.46259727
3685  -12.49095829
3686  -12.57203446
3687  -12.56490457
3688  -12.448355
3689  -12.37845658
3690  -12.40370113
3691  -12.43987128
3692  -12.43563798
3693  -12.3712699
3694  -12.26994732
3695  -12.23900912
3696  -12.37851418
3697  -12.58222985
3698  -12.61070238
3699  -12.46825283
3700  -12.39738811
3701  -12.47727514
3702  -12.58559361
3703  -12.60766409
3704  -12.50739498
3705  -12.36832862
3706  -12.37113834
3707  -12.5976215
3708  -12.83877229
3709  -12.81332809
3710  -12.56887877
3711  -12.40026546
3712  -12.43624603
3713  -12.55047897
3714  -12.56591846
3715  -12.41890005
3716  -12.22609935
3717  -12.20945243
3718  -12.43422836
3719  -12.65157957
3720  -12.5864041
3721  -12.33146965
3722  -12.23490642
3723  -12.4250589
3724  -12.68865679
3725  -12.77951946
3726  -12.70216943
3727  -12.6343085
3728  -12.72332332
3729  -12.93255453
3730  -13.0240942
3731  -12.85041683
3732  -12.59174671
3733  -12.52527593
3734  -12.66328165
3735  -12.80768427
3736  -12.82681046
3737  -12.76507693
3738  -12.76512408
3739  -12.91330212
3740  -13.11304837
3741  -13.14456068
3742  -12.9388634
3743  -12.69114922
3744  -12.59663302
3745  -12.61813169
3746  -12.6010401
3747  -12.48244691
3748  -12.3391601
3749  -12.30593944
3750  -12.44736179
3751  -12.62226713
3752  -12.59170302
3753  -12.41990101
3754  -12.36590986
3755  -12.51163358
3756  -12.67174078
3757  -12.67973165
3758  -12.57469326
3759  -12.50683458
3760  -12.57159987
3761  -12.7131743
3762  -12.73979343
3763  -12.54499789
3764  -12.2893564
3765  -12.22229403
3766  -12.35787311
3767  -12.49062187
3768  -12.49973192
3769  -12.44674567
3770  -12.44609187
3771  -12.56209674
3772  -12.7293205
3773  -12.77207517
3774  -12.61657191
3775  -12.39750464
3776  -12.29469427
3777  -12.33040929
3778  -12.37909828
3779  -12.36619393
3780  -12.33523147
3781  -12.38762473
3782  -12.56623278
3783  -12.75717747
3784  -12.81465096
3785  -12.73823795
3786  -12.6366073
3787  -12.6062166
3788  -12.63791935
3789  -12.63190389
3790  -12.5356919
3791  -12.41429669
3792  -12.38788102
3793  -12.46868696
3794  -12.53302961
3795  -12.50476796
3796  -12.42863717
3797  -12.36941497
3798  -12.37167554
3799  -12.42994623
3800  -12.45629276
3801  -12.39750988
3802  -12.34656885
3803  -12.43152305
3804  -12.60405905
3805  -12.70577158
3806  -12.70555515
3807  -12.67836694
3808  -12.65861569
3809  -12.65865121
3810  -12.66117035
3811  -12.58468374
3812  -12.42219165
3813  -12.32410024
3814  -12.38889332
3815  -12.49331764
3816  -12.50317283
3817  -12.47212344
3818  -12.48841652
3819  -12.54000299
3820  -12.59929282
3821  -12.62073138
3822  -12.53321352
3823  -12.38861418
3824  -12.35890413
3825  -12.46880556
3826  -12.52136939
3827  -12.41285501
3828  -12.28383008
3829  -12.26764442
3830  -12.33678614
3831  -12.41788472
3832  -12.4410124
3833  -12.38753893
3834  -12.38685976
3835  -12.58906987
3836  -12.8851592
3837  -12.98613023
3838  -12.83180731
3839  -12.66313963
3840  -12.65334847
3841  -12.73315694
3842  -12.75489429
3843  -12.63564407
3844  -12.4397882
3845  -12.36862102
3846  -12.52627638
3847  -12.71227161
3848  -12.6587782
3849  -12.41657982
3850  -12.27607805
3851  -12.34724383
3852  -12.48606013
3853  -12.52462085
3854  -12.41974291
3855  -12.29616292
3856  -12.34603434
3857  -12.58374783
3858  -12.76260733
3859  -12.67876498
3860  -12.45443039
3861  -12.36930876
3862  -12.48223163
3863  -12.6026782
3864  -12.55974307
3865  -12.37604364
3866  -12.24732885
3867  -12.35125858
3868  -12.60784103
3869  -12.73594675
3870  -12.60766226
3871  -12.41994289
3872  -12.43922825
3873  -12.63976318
3874  -12.75476463
3875  -12.63038078
3876  -12.43522944
3877  -12.4022522
3878  -12.58108544
3879  -12.79128105
3880  -12.83770885
3881  -12.7374773
3882  -12.67166191
3883  -12.74513746
3884  -12.84940267
3885  -12.79645151
3886  -12.56954367
3887  -12.3722373
3888  -12.40583707
3889  -12.63090484
3890  -12.8168247
3891  -12.82753893
3892  -12.75590496
3893  -12.75833629
3894  -12.87073962
3895  -12.97221899
3896  -12.90328953
3897  -12.68398156
3898  -12.53504963
3899  -12.59832293
3900  -12.73961435
3901  -12.76035941
3902  -12.67464877
3903  -12.62762555
3904  -12.67616047
3905  -12.76479055
3906  -12.80216226
3907  -12.7197471
3908  -12.58748376
3909  -12.57622545
3910  -12.71437748
3911  -12.82481824
3912  -12.78162667
3913  -12.67953548
3914  -12.65744078
3915  -12.70203047
3916  -12.72728442
3917  -12.67593358
3918  -12.54309437
3919  -12.43821013
3920  -12.50960493
3921  -12.71843396
3922  -12.85443291
3923  -12.83076748
3924  -12.78346328
3925  -12.8400459
3926  -12.95214707
3927  -12.9998842
3928  -12.91105259
3929  -12.72455958
3930  -12.59837817
3931  -12.65694248
3932  -12.80703763
3933  -12.86425618
3934  -12.80854053
3935  -12.78441673
3936  -12.87914932
3937  -12.99703031
3938  -13.00841935
3939  -12.89469759
3940  -12.74459097
3941  -12.69265327
3942  -12.77997624
3943  -12.88535338
3944  -12.88830084
3945  -12.81936268
3946  -12.80814268
3947  -12.89847777
3948  -12.9685489
3949  -12.90378412
3950  -12.73725484
3951  -12.59703403
3952  -12.60717901
3953  -12.7348239
3954  -12.81010688
3955  -12.73810746
3956  -12.60352027
3957  -12.56898832
3958  -12.65879583
3959  -12.70922923
3960  -12.59558715
3961  -12.38781377
3962  -12.27670554
3963  -12.37381018
3964  -12.57511229
3965  -12.68144676
3966  -12.63685786
3967  -12.59305962
3968  -12.69828953
3969  -12.88569561
3970  -12.96121912
3971  -12.83934905
3972  -12.62908462
3973  -12.52632923
3974  -12.61848232
3975  -12.78167569
3976  -12.81747186
3977  -12.70201071
3978  -12.63614263
3979  -12.76640779
3980  -12.97362775
3981  -13.04158556
3982  -12.90631189
3983  -12.70217574
3984  -12.62699818
3985  -12.73645893
3986  -12.8680899
3987  -12.82885935
3988  -12.65549136
3989  -12.58455468
3990  -12.71389425
3991  -12.8779414
3992  -12.88481011
3993  -12.7189549
3994  -12.5368763
3995  -12.51587255
3996  -12.65995892
3997  -12.78243844
3998  -12.73948321
3999  -12.62711808
4000  -12.65304797
4001  -12.83774712
4002  -12.99205715
4003  -12.96990139
4004  -12.80196144
4005  -12.65586103
4006  -12.66628186
4007  -12.76385435
4008  -12.74712984
4009  -12.56040738
4010  -12.37915094
4011  -12.37630614
4012  -12.51220028
4013  -12.61823966
4014  -12.60546533
4015  -12.55109615
4016  -12.60863957
4017  -12.81222687
4018  -12.9961053
4019  -12.99022703
4020  -12.824522
4021  -12.67048752
4022  -12.63390325
4023  -12.65349456
4024  -12.60695522
4025  -12.4753815
4026  -12.36582796
4027  -12.41962515
4028  -12.61578161
4029  -12.77496342
4030  -12.78206436
4031  -12.69876749
4032  -12.65982104
4033  -12.70650719
4034  -12.74849318
4035  -12.68967437
4036  -12.5615094
4037  -12.50665139
4038  -12.58309662
4039  -12.66100745
4040  -12.61333675
4041  -12.49772711
4042  -12.44053122
4043  -12.47155848
4044  -12.53200944
4045  -12.54536824
4046  -12.49609746
4047  -12.47511131
4048  -12.57725338
4049  -12.7266819
4050  -12.73941129
4051  -12.62571166
4052  -12.56501559
4053  -12.62547062
4054  -12.72119566
4055  -12.7598681
4056  -12.72153272
4057  -12.66836862
4058  -12.69623654
4059  -12.80839695
4060  -12.85949477
4061  -12.71803955
4062  -12.48307179
4063  -12.40474644
4064  -12.54900348
4065  -12.73493459
4066  -12.79653574
4067  -12.74627518
4068  -12.72735624
4069  -12.84666311
4070  -13.02624675
4071  -13.04770326
4072  -12.79772434
4073  -12.45970403
4074  -12.34237501
4075  -12.47151047
4076  -12.57833155
4077  -12.48683739
4078  -12.32463172
4079  -12.30227016
4080  -12.4879029
4081  -12.72183763
4082  -12.75536425
4083  -12.52535948
4084  -12.28189829
4085  -12.31181413
4086  -12.52722402
4087  -12.61791023
4088  -12.49284143
4089  -12.33098944
4090  -12.34158297
4091  -12.55624537
4092  -12.79437808
4093  -12.83235424
4094  -12.63727131
4095  -12.44075337
4096  -12.49257274
4097  -12.68156492
4098  -12.69192143
4099  -12.46927379
4100  -12.23925929
4101  -12.2056308
4102  -12.3939117
4103  -12.62793769
4104  -12.6916988
4105  -12.54311795
4106  -12.40049577
4107  -12.48351461
4108  -12.64971212
4109  -12.62505619
4110  -12.40010384
4111  -12.17917624
4112  -12.15332439
4113  -12.33106496
4114  -12.54134239
4115  -12.59920784
4116  -12.48035717
4117  -12.38837221
4118  -12.51499618
4119  -12.72507088
4120  -12.74863674
4121  -12.53001377
4122  -12.25041177
4123  -12.12864246
4124  -12.20175534
4125  -12.31374495
4126  -12.29475007
4127  -12.14071211
4128  -12.06013349
4129  -12.2342538
4130  -12.52265284
4131  -12.65187346
4132  -12.56124352
4133  -12.42055154
4134  -12.40435488
4135  -12.50713083
4136  -12.57035608
4137  -12.45447561
4138  -12.21181324
4139  -12.09229249
4140  -12.25525124
4141  -12.51230736
4142  -12.5767018
4143  -12.42839551
4144  -12.27687336
4145  -12.29308301
4146  -12.43980603
4147  -12.52773994
4148  -12.42531395
4149  -12.2158163
4150  -12.15108875
4151  -12.34617298
4152  -12.56050165
4153  -12.53350252
4154  -12.3305368
4155  -12.20796787
4156  -12.3000298
4157  -12.49637852
4158  -12.58328165
4159  -12.47141586
4160  -12.28290365
4161  -12.25236469
4162  -12.44175875
4163  -12.61112462
4164  -12.56829638
4165  -12.42695883
4166  -12.40979583
4167  -12.5741717
4168  -12.77150496
4169  -12.83354462
4170  -12.75158314
4171  -12.65620501
4172  -12.66789113
4173  -12.75164216
4174  -12.72983392
4175  -12.53452646
4176  -12.37372799
4177  -12.40108472
4178  -12.55048466
4179  -12.64345956
4180  -12.60250039
4181  -12.5163682
4182  -12.47927481
4183  -12.48234527
4184  -12.45829575
4185  -12.35913942
4186  -12.25060074
4187  -12.26335731
4188  -12.40717559
4189  -12.54432751
4190  -12.56905982
4191  -12.54336595
4192  -12.58845203
4193  -12.66588658
4194  -12.64460867
4195  -12.50519129
4196  -12.33808531
4197  -12.25872957
4198  -12.31689139
4199  -12.42610356
4200  -12.45748391
4201  -12.40794299
4202  -12.44849878
4203  -12.69067538
4204  -12.95704399
4205  -13.02060018
4206  -12.8707268
4207  -12.65178806
4208  -12.5157027
4209  -12.49057408
4210  -12.45635344
4211  -12.30581269
4212  -12.12687618
4213  -12.16556728
4214  -12.48314174
4215  -12.80212751
4216  -12.8770577
4217  -12.75395721
4218  -12.63072705
4219  -12.62885004
4220  -12.68251215
4221  -12.63255474
4222  -12.43218062
4223  -12.24427006
4224  -12.2949225
4225  -12.5684723
4226  -12.78766548
4227  -12.78349162
4228  -12.6278493
4229  -12.50784418
4230  -12.52426506
4231  -12.60363229
4232  -12.60866761
4233  -12.52014304
4234  -12.4791897
4235  -12.62853777
4236  -12.88832969
4237  -13.02180922
4238  -12.94248703
4239  -12.77944098
4240  -12.69851506
4241  -12.73044548
4242  -12.75535836
4243  -12.663029
4244  -12.49752542
4245  -12.41596611
4246  -12.51166812
4247  -12.67288884
4248  -12.71464453
4249  -12.62088078
4250  -12.53834524
4251  -12.60324138
4252  -12.79714888
4253  -12.96420369
4254  -12.98006577
4255  -12.8604038
4256  -12.74359874
4257  -12.75061666
4258  -12.79759128
4259  -12.72552419
4260  -12.53584074
4261  -12.37564551
4262  -12.37776645
4263  -12.521423
4264  -12.6597119
4265  -12.65967241
4266  -12.52119957
4267  -12.41708534
4268  -12.4847698
4269  -12.6148611
4270  -12.63727156
4271  -12.53932257
4272  -12.44425818
4273  -12.4740636
4274  -12.62695363
4275  -12.77920993
4276  -12.80468108
4277  -12.70604503
4278  -12.62809608
4279  -12.68468379
4280  -12.77712842
4281  -12.77121056
4282  -12.67511411
4283  -12.59378965
4284  -12.62075903
4285  -12.76697183
4286  -12.92564783
4287  -12.93633652
4288  -12.79101505
4289  -12.68945917
4290  -12.74935275
4291  -12.83979618
4292  -12.80859395
4293  -12.65665886
4294  -12.496807
4295  -12.45279202
4296  -12.55332322
4297  -12.67473182
4298  -12.66296638
4299  -12.54262531
4300  -12.51017064
4301  -12.62517818
4302  -12.70613344
4303  -12.63374095
4304  -12.47532858
4305  -12.37813403
4306  -12.43575358
4307  -12.60480267
4308  -12.72373605
4309  -12.67792097
4310  -12.56074065
4311  -12.57853411
4312  -12.72692018
4313  -12.79315952
4314  -12.68838119
4315  -12.52752576
4316  -12.45942913
4317  -12.51820809
4318  -12.59837114
4319  -12.57018598
4320  -12.41909326
4321  -12.29249723
4322  -12.35219989
4323  -12.53071236
4324  -12.62235048
4325  -12.58756044
4326  -12.56415577
4327  -12.63363284
4328  -12.72014234
4329  -12.70296093
4330  -12.54452663
4331  -12.32467181
4332  -12.2109702
4333  -12.29284858
4334  -12.43086022
4335  -12.46833281
4336  -12.47281269
4337  -12.58903267
4338  -12.79547351
4339  -12.93178785
4340  -12.89132462
4341  -12.72535822
4342  -12.59700133
4343  -12.61950885
4344  -12.71137375
4345  -12.67629767
4346  -12.48625793
4347  -12.35072846
4348  -12.42868477
4349  -12.61733165
4350  -12.70711857
4351  -12.63968364
4352  -12.54566297
4353  -12.57537754
4354  -12.72806923
4355  -12.83078487
4356  -12.72714976
4357  -12.50582541
4358  -12.40346427
4359  -12.4898305
4360  -12.61853184
4361  -12.63817475
4362  -12.54729304
4363  -12.48576065
4364  -12.56240358
4365  -12.69128295
4366  -12.67699674
4367  -12.48066181
4368  -12.30459312
4369  -12.33420611
4370  -12.52591389
4371  -12.70796441
4372  -12.76819175
4373  -12.75492088
4374  -12.81941651
4375  -12.98213099
4376  -13.06886917
4377  -12.94748563
4378  -12.68807946
4379  -12.52425351
4380  -12.57289858
4381  -12.73683921
4382  -12.84833478
4383  -12.83555854
4384  -12.80584189
4385  -12.92941858
4386  -13.16054342
4387  -13.24144778
4388  -13.05838762
4389  -12.80074389
4390  -12.69945284
4391  -12.76657816
4392  -12.85564581
4393  -12.8297224
4394  -12.67264474
4395  -12.54397981
4396  -12.6303318
4397  -12.84326554
4398  -12.90787094
4399  -12.77162789
4400  -12.64064229
4401  -12.63373611
4402  -12.71283289
4403  -12.80621934
4404  -12.84084714
4405  -12.77189602
4406  -12.67564656
4407  -12.70635696
4408  -12.834857
4409  -12.85325977
4410  -12.72406589
4411  -12.60009493
4412  -12.56149345
4413  -12.57889968
4414  -12.6178235
4415  -12.64127091
4416  -12.60823961
4417  -12.55789792
4418  -12.58275384
4419  -12.65096028
4420  -12.66490827
4421  -12.65489979
4422  -12.68631864
4423  -12.73463161
4424  -12.76363013
4425  -12.79892193
4426  -12.86303673
4427  -12.90243091
4428  -12.86586651
4429  -12.79114288
4430  -12.70946752
4431  -12.62226146
4432  -12.5629718
4433  -12.54925362
4434  -12.5544259
4435  -12.57898043
4436  -12.66568232
4437  -12.80763692
4438  -12.91889174
4439  -12.94114355
4440  -12.90554583
4441  -12.86000047
4442  -12.82907606
4443  -12.81914208
4444  -12.80111062
4445  -12.74869634
4446  -12.69574343
4447  -12.69981975
4448  -12.74329306
4449  -12.73816195
4450  -12.6593085
4451  -12.57157194
4452  -12.54569081
4453  -12.59186428
4454  -12.67054611
4455  -12.73040453
4456  -12.75958322
4457  -12.80425336
4458  -12.89626893
4459  -12.97396847
4460  -12.94967367
4461  -12.83029716
4462  -12.69091249
4463  -12.58062991
4464  -12.51535535
4465  -12.49633386
4466  -12.50351453
4467  -12.5194335
4468  -12.5502355
4469  -12.60686576
4470  -12.66373102
4471  -12.6734105
4472  -12.63502932
4473  -12.58096416
4474  -12.52977974
4475  -12.49787035
4476  -12.48427666
4477  -12.48142823
4478  -12.4963881
4479  -12.53525595
4480  -12.59917475
4481  -12.66362545
4482  -12.69273431
4483  -12.67452902
4484  -12.58984757
4485  -12.43727414
4486  -12.27063255
4487  -12.15266506
4488  -12.11879669
4489  -12.15755098
4490  -12.21347194
4491  -12.26925956
4492  -12.37430846
4493  -12.53956196
4494  -12.6785962
4495  -12.70119548
4496  -12.61525366
4497  -12.49201426
4498  -12.39859044
4499  -12.36259241
4500  -12.33959129
4501  -12.24818354
4502  -12.15072298
4503  -12.21138508
4504  -12.40844332
4505  -12.55902907
4506  -12.58464181
4507  -12.56403844
4508  -12.59012246
4509  -12.68732281
4510  -12.79814373
4511  -12.79251947
4512  -12.60724411
4513  -12.41328538
4514  -12.42088438
4515  -12.54928456
4516  -12.58060541
4517  -12.48778225
4518  -12.40266538
4519  -12.42435768
4520  -12.55848694
4521  -12.71619366
4522  -12.7419181
4523  -12.58883975
4524  -12.47338866
4525  -12.58913044
4526  -12.76582647
4527  -12.77030681
4528  -12.60692285
4529  -12.45503153
4530  -12.44306741
4531  -12.56546393
4532  -12.69139339
4533  -12.66244675
4534  -12.49742491
4535  -12.44439133
4536  -12.61720141
4537  -12.78142517
4538  -12.7409461
4539  -12.58549655
4540  -12.49575818
4541  -12.54849567
4542  -12.69292158
4543  -12.80151668
4544  -12.7768598
4545  -12.68010737
4546  -12.69529907
4547  -12.85588047
4548  -12.94902053
4549  -12.83944343
4550  -12.6361824
4551  -12.50629414
4552  -12.50114385
4553  -12.56511688
4554  -12.61235787
4555  -12.60339446
4556  -12.59225336
4557  -12.68992939
4558  -12.87642776
4559  -12.95588559
4560  -12.85170203
4561  -12.69886055
4562  -12.62792344
4563  -12.64201103
4564  -12.66847306
4565  -12.64017243
4566  -12.53854944
4567  -12.41850489
4568  -12.38673608
4569  -12.44256921
4570  -12.45639486
4571  -12.40049121
4572  -12.37938676
4573  -12.45760149
4574  -12.60743441
4575  -12.76807905
4576  -12.88467734
4577  -12.90946096
4578  -12.83619302
4579  -12.7499001
4580  -12.69589384
4581  -12.62725174
4582  -12.53290735
4583  -12.45852627
4584  -12.43458299
4585  -12.47389489
4586  -12.58160918
4587  -12.71274341
4588  -12.772106
4589  -12.72914827
4590  -12.65523448
4591  -12.61068516
4592  -12.59256749
4593  -12.58152548
4594  -12.56695914
4595  -12.56009443
4596  -12.60294734
4597  -12.71419986
4598  -12.82821933
4599  -12.85661285
4600  -12.78624401
4601  -12.67326314
4602  -12.57934663
4603  -12.52152632
4604  -12.46832878
4605  -12.39642372
4606  -12.34638505
4607  -12.38526484
4608  -12.50266143
4609  -12.618266
4610  -12.6920891
4611  -12.73524441
4612  -12.76798655
4613  -12.80390404
4614  -12.82007376
4615  -12.76928339
4616  -12.66367743
4617  -12.59266251
4618  -12.60316882
4619  -12.62638937
4620  -12.6130251
4621  -12.61089702
4622  -12.64439171
4623  -12.69325419
4624  -12.74082754
4625  -12.74714249
4626  -12.67971071
4627  -12.59914658
4628  -12.5969996
4629  -12.64381358
4630  -12.62879496
4631  -12.55463483
4632  -12.53567743
4633  -12.60395955
4634  -12.70069052
4635  -12.75695777
4636  -12.71351913
4637  -12.59250402
4638  -12.50883309
4639  -12.52455088
4640  -12.56039673
4641  -12.51936053
4642  -12.43924551
4643  -12.4445117
4644  -12.56501408
4645  -12.72421287
4646  -12.83260828
4647  -12.84991999
4648  -12.82904206
4649  -12.84995863
4650  -12.89914772
4651  -12.90475592
4652  -12.83506528
4653  -12.73300201
4654  -12.68200942
4655  -12.69876172
4656  -12.72819926
4657  -12.71008904
4658  -12.65487939
4659  -12.6466961
4660  -12.73121926
4661  -12.86100598
4662  -12.9708055
4663  -13.0385563
4664  -13.08647397
4665  -13.13913938
4666  -13.16802151
4667  -13.10901984
4668  -12.94481111
4669  -12.75774915
4670  -12.65177901
4671  -12.64697607
4672  -12.69678411
4673  -12.75330335
4674  -12.79375777
4675  -12.84362637
4676  -12.93127729
4677  -13.01372318
4678  -13.02505776
4679  -12.96691842
4680  -12.91431594
4681  -12.91554231
4682  -12.93988245
4683  -12.93092257
4684  -12.87416179
4685  -12.80100503
4686  -12.75091549
4687  -12.73515147
4688  -12.72467654
4689  -12.68876438
4690  -12.65864136
4691  -12.70409305
4692  -12.83650939
4693  -12.98603334
4694  -13.07827242
4695  -13.09382174
4696  -13.03424521
4697  -12.91590259
4698  -12.78517198
4699  -12.66076676
4700  -12.53964976
4701  -12.42794358
4702  -12.39092748
4703  -12.45914559
4704  -12.55735615
4705  -12.58430153
4706  -12.52764612
4707  -12.45364607
4708  -12.41796302
4709  -12.41847323
4710  -12.4120671
4711  -12.37860624
4712  -12.35869186
4713  -12.41168901
4714  -12.52804304
4715  -12.6150137
4716  -12.61962201
4717  -12.59944587
4718  -12.60316851
4719  -12.60394352
4720  -12.56843316
4721  -12.48829983
4722  -12.3879254
4723  -12.3337752
4724  -12.37938116
4725  -12.47834906
4726  -12.51725956
4727  -12.48084235
4728  -12.48896134
4729  -12.60674814
4730  -12.74914207
4731  -12.79718263
4732  -12.73008574
4733  -12.62784468
4734  -12.58811569
4735  -12.62331641
4736  -12.62864797
4737  -12.51153821
4738  -12.3458453
4739  -12.2970472
4740  -12.40081519
4741  -12.52549529
4742  -12.54991737
4743  -12.4861014
4744  -12.44348604
4745  -12.5068898
4746  -12.62853263
4747  -12.66245304
4748  -12.54539953
4749  -12.39168381
4750  -12.34184497
4751  -12.37151544
4752  -12.33917843
4753  -12.18378626
4754  -11.99317547
4755  -11.91745303
4756  -12.01969868
4757  -12.19983245
4758  -12.28096524
4759  -12.21914784
4760  -12.18131993
4761  -12.29795186
4762  -12.4656923
4763  -12.51198086
4764  -12.42913286
4765  -12.36257644
4766  -12.43923682
4767  -12.63905061
4768  -12.79937814
4769  -12.75818301
4770  -12.55069595
4771  -12.39326496
4772  -12.38218676
4773  -12.38670011
4774  -12.2794569
4775  -12.11801462
4776  -12.04290713
4777  -12.14916217
4778  -12.38760615
4779  -12.59067504
4780  -12.61046898
4781  -12.47998663
4782  -12.4077503
4783  -12.48251199
4784  -12.52789024
4785  -12.38789107
4786  -12.15305637
4787  -12.02403517
4788  -12.08916537
4789  -12.25609999
4790  -12.33094484
4791  -12.20961362
4792  -12.04448483
4793  -12.07985448
4794  -12.29031357
4795  -12.43417931
4796  -12.40235555
4797  -12.3165775
4798  -12.34437637
4799  -12.51948991
4800  -12.69999051
4801  -12.7214008
4802  -12.58221883
4803  -12.4160906
4804  -12.38903562
4805  -12.49527515
4806  -12.58939645
4807  -12.57406678
4808  -12.50561631
4809  -12.50687702
4810  -12.62522607
4811  -12.76997589
4812  -12.78863632
4813  -12.65782503
4814  -12.54820413
4815  -12.60136306
4816  -12.73784279
4817  -12.78239593
4818  -12.68422314
4819  -12.55751438
4820  -12.54101118
4821  -12.64684858
4822  -12.72943418
4823  -12.63761901
4824  -12.4265795
4825  -12.30403575
4826  -12.31901157
4827  -12.37989834
4828  -12.41509854
4829  -12.40008524
4830  -12.39283523
4831  -12.46672552
4832  -12.59902115
4833  -12.66599746
4834  -12.58683686
4835  -12.43444943
4836  -12.3303906
4837  -12.31409255
4838  -12.33729422
4839  -12.31977996
4840  -12.25859901
4841  -12.25702546
4842  -12.38809053
4843  -12.57773558
4844  -12.66352009
4845  -12.57772559
4846  -12.41912276
4847  -12.30607427
4848  -12.2647421
4849  -12.25231967
4850  -12.21821325
4851  -12.16978597
4852  -12.18546775
4853  -12.30706553
4854  -12.46072082
4855  -12.52734448
4856  -12.48679218
4857  -12.42977085
4858  -12.4086146
4859  -12.40945022
4860  -12.40479585
4861  -12.36736021
4862  -12.32079627
4863  -12.33040857
4864  -12.41557607
4865  -12.51432701
4866  -12.53461992
4867  -12.46837685
4868  -12.41663401
4869  -12.43149704
4870  -12.45830964
4871  -12.45250758
4872  -12.4349446
4873  -12.45587363
4874  -12.5292912
4875  -12.6093775
4876  -12.65764942
4877  -12.65273651
4878  -12.59451294
4879  -12.55140758
4880  -12.5340017
4881  -12.49974104
4882  -12.45359743
4883  -12.44291482
4884  -12.50062983
4885  -12.61417279
4886  -12.74538524
4887  -12.84707189
4888  -12.86168838
4889  -12.78985528
4890  -12.69181285
4891  -12.57223797
4892  -12.40620264
4893  -12.23939936
4894  -12.156244
4895  -12.18846401
4896  -12.30010062
4897  -12.44062463
4898  -12.56003178
4899  -12.62039825
4900  -12.65597588
4901  -12.69387298
4902  -12.66380447
4903  -12.53865666
4904  -12.41390578
4905  -12.38572763
4906  -12.45507299
4907  -12.55582128
4908  -12.62881393
4909  -12.65891098
4910  -12.68363826
4911  -12.75611379
4912  -12.83308332
4913  -12.81063557
4914  -12.69788667
4915  -12.60848
4916  -12.61179768
4917  -12.67119563
4918  -12.69925366
4919  -12.64638421
4920  -12.54882794
4921  -12.49156346
4922  -12.51626504
4923  -12.54279289
4924  -12.46381209
4925  -12.31583015
4926  -12.19109143
4927  -12.16651059
4928  -12.23484223
4929  -12.3073871
4930  -12.29386932
4931  -12.20357092
4932  -12.15483876
4933  -12.23426313
4934  -12.34865794
4935  -12.35516956
4936  -12.26631796
4937  -12.19937749
4938  -12.22769504
4939  -12.31393506
4940  -12.33790205
4941  -12.22663126
4942  -12.06989895
4943  -12.03771298
4944  -12.18129905
4945  -12.36336617
4946  -12.43802186
4947  -12.4212612
4948  -12.43107694
4949  -12.54530783
4950  -12.70715217
4951  -12.78285843
4952  -12.72492272
4953  -12.59111898
4954  -12.52604877
4955  -12.60718964
4956  -12.73465658
4957  -12.75753879
4958  -12.66847881
4959  -12.5964007
4960  -12.65671236
4961  -12.80395204
4962  -12.8661669
4963  -12.77096887
4964  -12.63887085
4965  -12.61302496
4966  -12.68307877
4967  -12.69915747
4968  -12.5539872
4969  -12.3211475
4970  -12.19512525
4971  -12.29731771
4972  -12.52409801
4973  -12.65833763
4974  -12.6516748
4975  -12.65095873
4976  -12.75892669
4977  -12.90920482
4978  -12.93329388
4979  -12.73884634
4980  -12.43498395
4981  -12.24640169
4982  -12.28653831
4983  -12.42190025
4984  -12.44781509
4985  -12.37835665
4986  -12.39865053
4987  -12.5832764
4988  -12.80966149
4989  -12.89627709
4990  -12.79589196
4991  -12.65139176
4992  -12.64075594
4993  -12.76460491
4994  -12.82503818
4995  -12.67265064
4996  -12.42363622
4997  -12.30351712
4998  -12.36529221
4999  -12.4778334
5000  -12.49398717
