0  0.0000
1  14.9743
2  44.5260
3  63.7886
4  69.2661
5  78.0164
6  103.4294
7  137.9900
8  159.0731
9  152.6781
10  130.9040
11  117.7234
12  116.7116
13  107.7989
14  78.2093
15  41.0553
16  20.3364
17  26.0481
18  45.8611
19  59.6913
20  63.2579
21  73.4083
22  103.2472
23  139.2092
24  155.9735
25  300.0000
26  267.1482
27  237.4568
28  222.9091
29  207.6144
30  169.1614
31  110.0230
32  63.2125
33  54.4602
34  68.1634
35  71.6112
36  59.9793
37  57.9177
38  86.7234
39  140.7709
40  192.6930
41  220.1426
42  229.6909
43  247.2959
44  278.7114
45  295.9868
46  274.3745
47  223.1141
48  171.3574
49  137.4590
50  300.0000
51  239.8621
52  144.2246
53  86.3693
54  115.2356
55  187.3745
56  233.4806
57  247.2314
58  271.0252
59  331.7608
60  408.5397
61  449.5114
62  420.9908
63  350.6652
64  304.8636
65  301.0861
66  285.7089
67  221.2172
68  137.3044
69  86.9370
70  90.1064
71  121.6871
72  139.1890
73  126.7796
74  120.8578
75  300.0000
76  404.5681
77  465.9710
78  476.3235
79  476.7633
80  494.6795
81  514.1595
82  496.9624
83  422.4545
84  312.6704
85  223.0317
86  186.8441
87  177.3461
88  162.5200
89  158.8401
90  200.7146
91  291.4500
92  398.6497
93  481.6000
94  515.2726
95  506.9482
96  493.4666
97  487.7154
98  455.5387
99  378.6012
100  300.0000
101  226.1043
102  184.4420
103  167.0678
104  155.6923
105  131.7679
106  109.0472
107  131.1918
108  199.5572
109  266.0388
110  306.9181
111  339.8164
112  385.6215
113  449.1394
114  517.6020
115  555.4205
116  530.0207
117  466.2555
118  417.6939
119  380.5147
120  315.2528
121  221.8752
122  139.2793
123  107.8256
124  147.5743
125  300.0000
126  385.4014
127  413.0331
128  440.9666
129  514.0435
130  579.3653
131  574.4485
132  505.7521
133  422.3257
134  371.4589
135  365.0605
136  357.7414
137  290.6828
138  187.7967
139  142.9305
140  177.0591
141  214.6602
142  205.0884
143  171.8064
144  171.1328
145  241.7699
146  362.4123
147  453.4817
148  463.7608
149  451.5082
150  300.0000
151  384.9374
152  435.4215
153  398.3990
154  308.0499
155  237.9802
156  229.6257
157  248.2947
158  220.5882
159  133.8028
160  75.3088
161  123.5882
162  232.6829
163  300.6383
164  297.9976
165  279.2168
166  308.0810
167  383.8676
168  435.2516
169  396.9204
170  295.5462
171  231.3257
172  244.4271
173  260.8611
174  208.8278
175  300.0000
176  165.0752
177  129.3654
178  203.8082
179  287.8238
180  282.9659
181  209.2361
182  200.4186
183  328.9911
184  482.8147
185  523.1279
186  461.8204
187  415.0288
188  454.2229
189  531.2454
190  538.2411
191  422.4796
192  257.4764
193  186.2118
194  235.4206
195  276.8949
196  230.4002
197  166.9561
198  195.2176
199  328.9619
200  300.0000
201  368.1667
202  367.3036
203  334.8780
204  340.3831
205  381.8683
206  380.8129
207  305.0685
208  211.2688
209  163.3559
210  168.6616
211  187.9717
212  178.2842
213  136.5035
214  116.3461
215  165.9014
216  247.0155
217  285.1613
218  274.3450
219  266.7393
220  296.0430
221  348.2142
222  381.9145
223  362.9314
224  303.1412
225  300.0000
226  304.5627
227  306.4235
228  262.2713
229  194.7301
230  153.3938
231  161.4119
232  205.9791
233  251.5802
234  268.1491
235  269.7822
236  302.4503
237  366.9513
238  407.2021
239  391.5671
240  344.9691
241  306.8524
242  295.0712
243  297.6553
244  281.7488
245  228.9413
246  172.4983
247  162.2541
248  189.0701
249  202.6224
250  300.0000
251  261.1756
252  245.9454
253  294.6855
254  390.2837
255  463.8854
256  459.1299
257  412.9231
258  419.2083
259  480.6821
260  499.5610
261  424.3834
262  304.5985
263  222.3773
264  219.4523
265  266.3124
266  286.6168
267  243.4226
268  208.4354
269  273.5295
270  397.0560
271  461.7394
272  437.0085
273  386.9261
274  380.3085
275  300.0000
276  348.4743
277  343.4872
278  260.8723
279  177.5792
280  180.8565
281  233.4604
282  236.7957
283  176.9756
284  123.2829
285  139.4185
286  224.8996
287  315.5604
288  341.4313
289  308.4691
290  306.4391
291  380.7496
292  448.6356
293  424.0638
294  330.6983
295  250.5441
296  232.8089
297  257.2382
298  259.8391
299  202.8618
300  300.0000
301  272.8535
302  343.1496
303  434.6336
304  445.2731
305  392.8088
306  359.6516
307  387.4304
308  448.1644
309  480.9946
310  443.8747
311  356.5031
312  305.2872
313  330.2626
314  347.2576
315  291.8874
316  213.2617
317  187.0794
318  231.8107
319  309.7567
320  369.3466
321  380.1827
322  363.2662
323  388.5700
324  465.4597
325  300.0000
326  284.5925
327  269.2270
328  274.1234
329  288.4471
330  293.8810
331  285.5824
332  263.2396
333  234.3811
334  223.5055
335  233.2826
336  237.1944
337  231.7718
338  237.6365
339  260.4311
340  286.9912
341  306.9139
342  314.4175
343  300.1465
344  271.9732
345  256.7070
346  252.4363
347  235.3441
348  208.0403
349  190.4063
350  300.0000
351  296.5936
352  284.6601
353  286.9313
354  293.7677
355  290.2757
356  285.4457
357  284.6168
358  288.4612
359  305.0459
360  331.7926
361  350.9063
362  355.5455
363  361.0193
364  370.9130
365  364.6055
366  340.4679
367  316.1145
368  294.2339
369  273.5750
370  261.1674
371  259.1670
372  262.5729
373  271.2498
374  289.6883
375  300.0000
376  313.4085
377  326.3608
378  338.9747
379  338.8062
380  324.3096
381  307.2354
382  294.8925
383  282.8916
384  266.2715
385  246.8972
386  225.5320
387  210.6643
388  218.2432
389  241.8268
390  260.6261
391  273.0504
392  295.0849
393  333.3228
394  373.3829
395  398.1149
396  399.6690
397  377.5199
398  349.8123
399  333.0752
400  300.0000
401  265.7124
402  232.3998
403  222.5488
404  237.2931
405  260.8960
406  284.3227
407  301.0643
408  307.3666
409  316.6295
410  332.1428
411  333.2393
412  312.6075
413  290.6647
414  284.3584
415  285.1902
416  280.7049
417  272.5685
418  258.7203
419  242.6330
420  242.4220
421  252.9313
422  251.8227
423  244.0983
424  254.5674
425  300.0000
426  334.4493
427  360.1391
428  380.5053
429  386.1009
430  381.5061
431  383.0151
432  377.5887
433  350.2472
434  318.9421
435  304.3647
436  298.8893
437  290.4889
438  289.1067
439  296.1876
440  295.6960
441  295.4064
442  307.4896
443  315.0360
444  308.8797
445  304.4190
446  306.1349
447  299.2745
448  285.5546
449  283.2309
450  300.0000
451  282.0010
452  264.7886
453  267.1891
454  273.8902
455  277.2279
456  283.8863
457  286.9738
458  279.5146
459  282.2240
460  310.0993
461  333.6482
462  333.3683
463  337.4883
464  361.5050
465  387.8637
466  405.7136
467  410.8968
468  393.6933
469  362.4772
470  348.2360
471  352.3850
472  336.1580
473  294.6830
474  267.0415
475  300.0000
476  311.5847
477  320.3031
478  322.7966
479  314.1166
480  309.2916
481  332.2399
482  363.9140
483  362.0337
484  334.9620
485  317.7224
486  311.5349
487  301.4125
488  283.5260
489  256.6681
490  224.7932
491  212.8755
492  240.2571
493  275.9495
494  287.2804
495  296.3850
496  327.3340
497  366.3658
498  395.9688
499  411.2794
500  300.0000
501  298.5733
502  315.1145
503  331.3208
504  312.2243
505  268.5072
506  248.4454
507  258.7523
508  267.3117
509  260.1438
510  250.9998
511  255.4210
512  279.9086
513  320.1150
514  344.6817
515  324.6395
516  288.6776
517  280.1500
518  286.8611
519  273.5693
520  238.0018
521  203.3622
522  187.8568
523  200.6641
524  233.3243
525  300.0000
526  275.4492
527  256.6206
528  286.5464
529  325.9339
530  329.1737
531  304.4262
532  280.7948
533  276.9051
534  302.2201
535  337.7192
536  335.6267
537  293.7500
538  273.7868
539  298.1243
540  317.3007
541  299.7643
542  265.1958
543  240.3282
544  241.4225
545  274.4754
546  313.2208
547  315.9030
548  293.2437
549  298.0089
550  300.0000
551  317.8638
552  306.7256
553  280.0609
554  252.9154
555  242.4266
556  259.0380
557  276.6198
558  258.5286
559  223.8596
560  222.6335
561  253.1716
562  279.1334
563  289.4724
564  290.3216
565  290.6598
566  308.0113
567  345.0868
568  364.6848
569  338.2417
570  297.9561
571  285.5071
572  293.3348
573  296.4141
574  286.2205
575  300.0000
576  273.5558
577  271.4898
578  300.2952
579  316.2833
580  293.2117
581  264.6291
582  267.4425
583  298.7715
584  332.2559
585  341.2476
586  317.5540
587  288.3638
588  292.9717
589  320.5153
590  317.7987
591  274.7231
592  237.1436
593  238.3915
594  269.0546
595  296.4761
596  293.2851
597  265.9803
598  260.2219
599  306.0346
600  300.0000
601  318.9180
602  310.2454
603  304.0213
604  316.9945
605  337.8528
606  338.0969
607  299.7066
608  243.5980
609  217.0237
610  234.1016
611  254.8372
612  246.1293
613  227.7179
614  236.4954
615  275.9256
616  315.5556
617  322.2911
618  292.0343
619  261.1624
620  268.4314
621  298.4020
622  296.5644
623  247.3695
624  199.7703
625  300.0000
626  322.1248
627  315.6352
628  282.1375
629  254.1403
630  271.0531
631  334.3653
632  389.7384
633  382.5063
634  336.6265
635  327.4756
636  365.6285
637  393.6813
638  376.0434
639  327.6421
640  291.0172
641  301.2598
642  347.1051
643  368.3220
644  323.5491
645  261.7548
646  262.9214
647  315.6991
648  348.9501
649  335.1324
650  300.0000
651  286.1312
652  318.3964
653  370.5782
654  372.6206
655  299.0227
656  226.8606
657  231.9133
658  277.3802
659  290.5930
660  261.4879
661  227.3079
662  233.3833
663  296.8857
664  367.7688
665  367.9693
666  302.5985
667  268.6482
668  312.1476
669  369.4015
670  377.6139
671  340.5004
672  301.7061
673  312.7141
674  378.6507
675  300.0000
676  282.5407
677  237.9922
678  224.0977
679  255.0723
680  291.7390
681  299.4894
682  276.9788
683  252.5987
684  262.4485
685  301.1362
686  316.6229
687  281.0315
688  233.0555
689  223.6039
690  250.8815
691  274.2631
692  262.7414
693  220.1023
694  187.8732
695  202.6413
696  241.8942
697  251.5225
698  221.5778
699  196.7896
700  300.0000
701  343.3357
702  361.3424
703  342.1300
704  306.6821
705  296.6385
706  323.5562
707  348.6181
708  337.5191
709  307.6304
710  299.4065
711  322.7941
712  352.3892
713  355.4249
714  322.2227
715  284.6661
716  285.1844
717  319.6463
718  344.0863
719  333.7431
720  307.4195
721  301.2202
722  326.1305
723  354.3571
724  349.2878
725  300.0000
726  266.2396
727  269.1481
728  291.7154
729  296.0269
730  269.5629
731  239.0838
732  242.6050
733  280.7487
734  314.6581
735  315.7141
736  298.5882
737  299.8966
738  331.6214
739  366.1436
740  369.5618
741  338.7387
742  308.1271
743  310.3751
744  332.3019
745  337.2407
746  316.4093
747  296.8767
748  307.6197
749  345.0368
750  300.0000
751  294.3776
752  270.5821
753  259.0541
754  271.4388
755  282.5643
756  270.8379
757  245.7593
758  231.4357
759  240.8325
760  264.1967
761  273.6097
762  252.0156
763  225.4629
764  230.8726
765  256.5832
766  265.0317
767  247.3213
768  224.6436
769  220.9868
770  244.2111
771  276.0807
772  281.0454
773  253.2473
774  238.2089
775  300.0000
776  328.0189
777  321.1713
778  290.6967
779  264.9195
780  264.1057
781  288.6117
782  310.5279
783  294.9433
784  258.1163
785  257.2471
786  296.8378
787  326.5802
788  319.6648
789  291.0588
790  269.3578
791  274.6350
792  300.2243
793  307.7724
794  268.2560
795  218.3615
796  218.4075
797  257.9025
798  282.2246
799  271.8731
800  300.0000
801  284.7731
802  300.3699
803  340.3148
804  361.3235
805  331.8221
806  285.8410
807  285.2203
808  328.1888
809  359.6280
810  347.4901
811  306.1167
812  277.0636
813  289.6758
814  326.3001
815  337.1711
816  299.5220
817  256.2785
818  270.2621
819  329.6815
820  365.1528
821  343.1074
822  293.2418
823  267.9178
824  286.5282
825  300.0000
826  298.0814
827  250.6900
828  202.8074
829  213.0188
830  263.5897
831  286.4725
832  258.5488
833  218.1727
834  211.4540
835  244.8852
836  284.5535
837  289.5189
838  254.6164
839  231.3383
840  268.4067
841  334.1869
842  361.6343
843  339.5442
844  311.3086
845  314.6895
846  343.4626
847  359.4950
848  333.2593
849  278.8661
850  300.0000
851  321.6281
852  352.7882
853  349.1795
854  323.0798
855  318.6567
856  351.3049
857  392.9389
858  407.5958
859  385.4689
860  347.4071
861  325.4320
862  325.5101
863  315.1038
864  274.2665
865  232.7046
866  230.6570
867  265.7569
868  299.7817
869  308.1555
870  300.4702
871  299.3925
872  317.8219
873  343.2058
874  346.6635
875  300.0000
876  292.4117
877  320.9625
878  355.4022
879  356.3158
880  329.2256
881  309.2407
882  312.7047
883  327.0658
884  328.4734
885  305.1994
886  280.6620
887  294.2574
888  340.9126
889  367.7436
890  346.0019
891  307.0705
892  295.4365
893  315.3345
894  335.4637
895  324.6957
896  285.5887
897  261.7622
898  285.6500
899  325.4664
900  300.0000
901  259.0565
902  224.1197
903  232.3441
904  273.1386
905  305.0144
906  301.4335
907  281.3976
908  289.1526
909  330.9030
910  362.0967
911  347.4537
912  300.4839
913  268.0883
914  281.9214
915  322.2772
916  341.5958
917  322.4165
918  300.5635
919  315.6972
920  353.6614
921  371.0089
922  347.9102
923  302.3477
924  277.8734
925  300.0000
926  330.5624
927  323.6076
928  283.4885
929  259.8335
930  275.5792
931  303.0769
932  309.0476
933  282.4324
934  241.3985
935  227.7602
936  256.0376
937  283.9591
938  272.5148
939  242.0761
940  235.7519
941  260.5967
942  294.0968
943  312.5186
944  302.1520
945  276.9596
946  277.4421
947  311.1084
948  331.0940
949  312.0563
950  300.0000
951  291.7964
952  307.2446
953  335.0922
954  353.3834
955  342.4949
956  315.1624
957  313.4902
958  342.6852
959  358.7604
960  342.3447
961  313.2682
962  292.5933
963  290.0601
964  300.1486
965  302.5105
966  279.8415
967  247.9875
968  246.8171
969  276.0858
970  295.5611
971  287.5052
972  264.7820
973  250.4381
974  258.9863
975  300.0000
976  315.5247
977  300.9850
978  276.7183
979  286.0009
980  324.8237
981  346.7064
982  330.6012
983  297.3018
984  278.0405
985  283.9689
986  304.8935
987  317.5128
988  304.3520
989  287.6757
990  308.2041
991  353.0896
992  371.4162
993  349.1449
994  317.1690
995  303.5457
996  311.2383
997  327.6476
998  329.6161
999  302.6653
1000  300.0000
1001  305.5912
1002  326.8831
1003  319.7361
1004  286.1790
1005  258.4077
1006  252.2241
1007  267.2687
1008  296.5550
1009  321.9916
1010  328.6507
1011  335.5046
1012  367.2141
1013  397.3247
1014  393.2524
1015  368.6520
1016  345.5148
1017  328.4055
1018  316.9788
1019  311.1205
1020  305.6361
1021  299.5844
1022  309.9230
1023  338.6952
1024  355.6100
1025  300.0000
1026  307.2377
1027  328.8296
1028  345.2543
1029  343.3916
1030  326.6750
1031  310.0201
1032  305.2362
1033  308.4991
1034  297.0088
1035  261.2854
1036  228.8707
1037  222.7675
1038  233.9686
1039  242.8932
1040  240.3922
1041  236.4851
1042  249.6959
1043  280.5048
1044  306.0790
1045  303.5695
1046  280.3903
1047  268.1244
1048  281.1530
1049  304.0397
1050  300.0000
1051  291.0270
1052  280.4159
1053  290.8417
1054  315.8017
1055  323.5747
1056  301.6905
1057  274.1358
1058  271.8058
1059  298.0583
1060  331.4968
1061  350.8782
1062  352.1330
1063  353.5477
1064  371.3271
1065  385.0392
1066  364.5249
1067  317.3052
1068  277.5047
1069  267.1552
1070  278.8527
1071  290.5309
1072  287.6766
1073  273.5716
1074  268.4310
1075  300.0000
1076  321.7521
1077  319.4096
1078  299.4965
1079  288.5223
1080  297.8371
1081  313.3405
1082  317.0860
1083  304.4050
1084  282.5712
1085  268.5845
1086  276.3596
1087  292.2002
1088  292.4411
1089  281.7776
1090  281.1541
1091  293.0389
1092  303.0763
1093  303.6963
1094  296.6385
1095  284.1285
1096  277.3330
1097  290.9658
1098  311.9787
1099  314.2800
1100  300.0000
1101  287.2967
1102  280.7751
1103  275.8862
1104  271.8469
1105  264.2486
1106  247.6346
1107  237.1900
1108  251.7748
1109  275.2568
1110  281.7728
1111  276.3241
1112  276.1932
1113  286.4020
1114  306.2391
1115  330.5662
1116  342.1606
1117  331.5832
1118  318.5787
1119  319.6141
1120  316.7429
1121  294.5621
1122  268.3664
1123  258.8827
1124  274.9024
1125  300.0000
1126  343.4378
1127  364.7586
1128  360.2437
1129  355.5643
1130  360.5363
1131  354.7398
1132  328.0428
1133  295.0015
1134  273.9378
1135  276.5134
1136  298.0442
1137  311.0908
1138  295.1183
1139  267.4407
1140  256.5558
1141  260.6655
1142  260.2813
1143  251.0747
1144  243.5448
1145  250.2789
1146  277.3937
1147  311.1891
1148  323.7679
1149  306.2651
1150  300.0000
1151  291.4943
1152  289.0997
1153  279.6753
1154  264.7784
1155  254.0078
1156  257.8014
1157  277.7653
1158  299.4693
1159  306.0848
1160  298.9701
1161  299.9905
1162  319.4956
1163  339.3180
1164  344.1780
1165  336.0146
1166  323.7133
1167  314.6415
1168  307.7888
1169  298.0480
1170  282.8851
1171  266.0149
1172  261.8580
1173  274.6438
1174  287.0290
1175  300.0000
1176  294.7725
1177  290.2063
1178  290.5079
1179  296.2934
1180  307.8638
1181  317.6282
1182  319.1204
1183  325.4403
1184  342.5413
1185  352.9695
1186  347.4379
1187  331.4979
1188  311.0092
1189  290.9130
1190  281.1992
1191  286.7070
1192  294.8277
1193  295.9583
1194  302.2251
1195  319.8083
1196  337.3105
1197  346.8577
1198  343.2544
1199  323.1049
1200  300.0000
1201  290.6523
1202  300.2804
1203  307.7152
1204  297.2748
1205  282.7012
1206  282.4586
1207  294.9203
1208  306.2275
1209  300.7732
1210  278.8192
1211  262.7347
1212  270.8786
1213  294.1444
1214  306.1983
1215  295.7447
1216  282.1051
1217  287.4962
1218  310.0829
1219  328.7696
1220  326.2781
1221  313.2313
1222  313.6676
1223  331.8881
1224  351.7300
1225  300.0000
1226  280.9470
1227  258.8382
1228  253.4688
1229  264.1706
1230  271.3994
1231  269.8970
1232  275.8071
1233  296.6500
1234  321.6851
1235  340.5242
1236  345.6189
1237  329.4253
1238  300.6046
1239  277.1979
1240  256.7860
1241  228.3338
1242  203.1793
1243  199.5815
1244  213.6044
1245  231.2719
1246  250.9708
1247  271.1381
1248  280.8782
1249  280.6005
1250  300.0000
1251  288.8539
1252  270.9702
1253  266.1447
1254  277.0535
1255  282.4479
1256  272.3501
1257  264.1791
1258  269.1106
1259  276.3647
1260  278.1293
1261  273.0099
1262  263.3104
1263  264.2651
1264  286.6202
1265  314.5991
1266  323.0672
1267  314.4321
1268  316.7229
1269  335.7541
1270  347.6880
1271  336.7490
1272  306.9596
1273  277.3795
1274  268.0121
1275  300.0000
1276  299.2856
1277  270.4661
1278  240.3731
1279  253.0548
1280  301.5195
1281  335.9167
1282  330.9996
1283  306.8700
1284  298.6448
1285  316.6558
1286  338.6287
1287  333.1757
1288  292.8686
1289  256.8483
1290  270.6200
1291  314.3631
1292  331.2245
1293  308.9013
1294  282.6017
1295  282.7459
1296  307.0635
1297  331.2700
1298  329.6744
1299  300.5098
1300  300.0000
1301  319.7424
1302  346.5375
1303  337.1620
1304  300.9513
1305  273.8778
1306  271.6285
1307  286.7712
1308  302.0816
1309  300.3096
1310  282.5246
1311  276.4411
1312  295.9557
1313  311.2937
1314  301.1199
1315  282.3118
1316  272.4545
1317  274.2676
1318  286.7127
1319  304.9598
1320  319.0119
1321  325.2892
1322  333.7685
1323  346.2041
1324  347.3152
1325  300.0000
1326  292.2248
1327  287.4554
1328  280.2537
1329  275.8184
1330  280.3844
1331  291.6937
1332  301.8994
1333  306.1301
1334  303.1913
1335  298.7123
1336  303.6085
1337  314.4561
1338  318.0477
1339  313.3734
1340  312.3820
1341  324.1548
1342  339.9314
1343  336.2235
1344  303.8120
1345  264.2878
1346  244.6834
1347  246.4171
1348  249.3079
1349  242.2543
1350  300.0000
1351  308.3671
1352  336.7358
1353  373.9376
1354  386.8366
1355  363.2417
1356  329.9921
1357  313.9790
1358  311.0560
1359  300.9906
1360  276.7472
1361  251.5362
1362  246.2976
1363  269.2540
1364  299.0132
1365  304.3665
1366  291.5542
1367  295.0744
1368  323.1665
1369  349.9352
1370  353.0083
1371  337.1780
1372  323.6238
1373  327.1890
1374  342.3468
1375  300.0000
1376  282.9962
1377  267.2935
1378  270.5779
1379  287.1839
1380  298.1224
1381  296.0316
1382  291.4774
1383  293.7440
1384  299.6022
1385  303.2605
1386  301.6587
1387  298.2560
1388  305.8276
1389  328.4311
1390  350.8489
1391  356.9842
1392  351.5701
1393  349.1614
1394  346.6098
1395  329.8265
1396  303.0509
1397  283.4192
1398  278.5340
1399  286.1732
1400  300.0000
1401  308.6743
1402  314.4825
1403  330.9099
1404  359.1281
1405  374.5286
1406  359.2224
1407  332.5384
1408  321.3304
1409  323.9047
1410  321.6536
1411  300.9929
1412  265.9185
1413  240.7906
1414  247.2923
1415  273.3579
1416  282.3096
1417  263.0765
1418  249.3611
1419  268.6465
1420  304.2835
1421  321.7028
1422  306.2033
1423  277.1530
1424  269.4523
1425  300.0000
1426  330.2589
1427  329.2114
1428  302.8931
1429  291.8856
1430  309.7221
1431  324.9443
1432  306.0400
1433  259.0756
1434  223.2442
1435  230.7322
1436  272.3676
1437  306.5593
1438  305.8234
1439  292.7693
1440  308.9859
1441  350.4797
1442  372.0982
1443  347.2337
1444  296.6525
1445  263.3047
1446  267.6525
1447  291.1253
1448  297.7651
1449  273.3706
1450  300.0000
1451  303.5913
1452  329.1367
1453  339.4090
1454  319.6030
1455  296.5996
1456  302.1489
1457  338.9200
1458  381.3532
1459  397.7283
1460  377.6711
1461  346.0236
1462  333.9804
1463  336.2574
1464  325.0831
1465  295.1665
1466  266.7064
1467  258.3463
1468  272.9944
1469  299.8945
1470  320.3209
1471  322.8200
1472  319.1777
1473  328.7467
1474  348.9560
1475  300.0000
1476  299.2203
1477  295.9216
1478  292.5154
1479  291.9375
1480  293.7557
1481  290.8794
1482  280.4887
1483  270.1660
1484  267.3320
1485  272.9354
1486  282.4823
1487  288.7171
1488  288.1482
1489  286.5003
1490  292.9300
1491  306.7804
1492  316.6084
1493  315.3000
1494  306.6823
1495  299.5330
1496  298.1746
1497  295.4044
1498  281.3709
1499  259.6028
1500  300.0000
1501  299.2666
1502  303.2537
1503  307.7701
1504  314.1392
1505  323.5195
1506  336.1632
1507  351.0852
1508  360.6703
1509  357.8586
1510  347.6488
1511  340.7336
1512  338.6053
1513  332.9944
1514  317.7871
1515  298.0392
1516  285.6772
1517  285.1094
1518  287.8672
1519  285.1928
1520  281.2635
1521  288.2795
1522  308.0802
1523  327.1965
1524  332.0093
1525  300.0000
1526  294.2114
1527  301.2526
1528  306.9609
1529  297.1207
1530  278.6025
1531  271.7262
1532  285.7185
1533  306.2497
1534  313.1177
1535  301.5598
1536  286.4062
1537  289.2859
1538  307.0777
1539  312.2846
1540  294.8484
1541  279.5232
1542  295.3810
1543  339.5188
1544  380.5672
1545  394.5770
1546  382.8301
1547  368.3255
1548  370.7855
1549  372.8382
1550  300.0000
1551  255.7013
1552  235.0165
1553  255.1644
1554  291.5993
1555  310.5711
1556  307.6728
1557  301.6874
1558  310.7982
1559  331.4556
1560  336.7327
1561  313.0758
1562  285.3650
1563  287.5660
1564  316.9156
1565  336.4135
1566  321.1613
1567  284.9327
1568  259.1763
1569  257.3227
1570  263.0029
1571  253.1362
1572  231.2006
1573  227.3844
1574  259.8278
1575  300.0000
1576  329.8228
1577  326.3882
1578  304.8555
1579  292.9805
1580  296.5222
1581  294.5904
1582  271.7628
1583  242.1749
1584  231.8258
1585  243.8035
1586  258.7460
1587  260.6695
1588  248.7089
1589  240.1005
1590  254.8975
1591  283.9733
1592  300.5357
1593  299.3615
1594  298.6692
1595  308.2220
1596  317.1573
1597  315.5478
1598  305.0441
1599  290.8146
1600  300.0000
1601  307.5943
1602  312.8640
1603  303.8116
1604  292.0443
1605  290.4823
1606  292.0424
1607  287.5128
1608  285.5997
1609  294.9958
1610  306.2980
1611  312.0290
1612  316.0943
1613  318.3022
1614  319.6815
1615  326.1423
1616  330.8044
1617  319.5848
1618  298.5903
1619  291.1370
1620  300.7277
1621  304.9555
1622  294.5826
1623  282.5137
1624  278.6811
1625  300.0000
1626  314.8012
1627  318.3006
1628  306.7703
1629  302.9894
1630  326.2809
1631  356.9193
1632  358.5405
1633  328.9168
1634  296.1339
1635  280.1810
1636  280.2681
1637  279.2929
1638  263.0218
1639  243.7210
1640  250.0685
1641  285.3622
1642  314.3911
1643  305.1774
1644  271.8677
1645  255.4391
1646  270.5376
1647  295.3857
1648  303.4027
1649  294.5144
1650  300.0000
1651  329.0007
1652  364.3494
1653  371.5097
1654  339.1399
1655  295.9499
1656  281.0246
1657  293.8560
1658  301.1763
1659  286.4036
1660  272.0011
1661  288.8331
1662  330.1052
1663  361.0486
1664  362.5489
1665  343.7742
1666  333.1207
1667  345.6178
1668  356.9783
1669  337.2137
1670  295.4169
1671  271.3980
1672  281.1760
1673  294.1608
1674  284.7575
1675  300.0000
1676  298.5423
1677  324.9552
1678  361.1602
1679  366.5059
1680  330.4188
1681  292.4500
1682  295.0800
1683  323.9834
1684  328.9796
1685  301.4169
1686  280.7027
1687  294.2382
1688  328.7856
1689  344.2189
1690  314.9885
1691  267.4126
1692  257.4970
1693  300.2784
1694  343.8366
1695  338.5421
1696  306.9673
1697  307.0318
1698  348.4666
1699  386.3875
1700  300.0000
1701  262.1949
1702  244.6762
1703  274.7096
1704  322.2887
1705  329.1269
1706  283.3303
1707  241.7253
1708  254.0654
1709  296.2998
1710  312.6894
1711  285.6215
1712  249.8140
1713  253.5981
1714  302.7623
1715  348.3561
1716  339.9191
1717  289.2090
1718  264.6431
1719  298.9701
1720  341.4487
1721  334.3805
1722  285.0936
1723  248.0349
1724  260.1876
1725  300.0000
1726  322.0375
1727  296.5659
1728  255.8932
1729  260.5800
1730  312.4480
1731  346.2506
1732  323.4644
1733  277.3150
1734  261.5966
1735  288.7088
1736  325.0131
1737  329.9279
1738  297.7170
1739  270.9144
1740  289.1205
1741  323.8955
1742  315.9406
1743  262.5543
1744  216.8410
1745  217.7012
1746  254.5217
1747  289.9147
1748  296.3273
1749  282.7268
1750  300.0000
1751  335.1699
1752  355.3716
1753  325.1229
1754  270.8506
1755  242.0825
1756  253.6861
1757  284.1344
1758  305.1786
1759  306.2200
1760  303.0333
1761  316.2161
1762  337.1836
1763  334.0973
1764  301.1003
1765  272.2880
1766  274.8886
1767  301.4111
1768  327.8246
1769  338.6014
1770  337.6677
1771  337.7837
1772  340.8850
1773  335.1611
1774  310.1276
1775  300.0000
1776  279.2290
1777  278.4507
1778  287.8414
1779  293.8631
1780  293.5633
1781  294.4019
1782  297.5840
1783  297.6829
1784  295.2514
1785  293.4986
1786  294.3574
1787  297.3499
1788  297.5221
1789  289.5989
1790  275.5166
1791  266.6111
1792  268.1771
1793  269.3892
1794  264.7869
1795  264.7553
1796  274.7437
1797  287.5706
1798  294.9713
1799  294.3511
1800  300.0000
1801  296.3837
1802  300.6730
1803  307.5401
1804  306.6938
1805  301.2308
1806  302.5766
1807  310.0059
1808  311.8574
1809  303.1721
1810  290.4599
1811  284.8661
1812  293.0773
1813  308.5420
1814  318.4565
1815  319.2773
1816  318.5798
1817  322.8780
1818  325.2976
1819  316.0097
1820  298.6854
1821  287.7626
1822  294.4561
1823  313.0813
1824  325.7180
1825  300.0000
1826  297.2162
1827  296.6157
1828  292.2540
1829  278.5207
1830  259.7875
1831  249.9904
1832  259.4343
1833  280.9684
1834  293.5345
1835  290.5471
1836  291.2524
1837  307.5671
1838  324.8344
1839  324.9085
1840  306.3492
1841  284.1373
1842  277.7313
1843  292.3432
1844  307.6927
1845  299.0218
1846  273.5429
1847  262.5079
1848  273.5550
1849  282.2285
1850  300.0000
1851  274.3724
1852  258.6184
1853  273.8688
1854  308.1814
1855  320.9685
1856  296.5029
1857  270.9497
1858  280.2622
1859  307.3409
1860  309.9241
1861  277.6294
1862  239.3873
1863  233.0392
1864  268.2166
1865  307.9111
1866  308.9225
1867  283.7204
1868  282.3429
1869  319.3313
1870  356.9968
1871  357.1660
1872  324.5591
1873  298.0042
1874  310.6635
1875  300.0000
1876  321.7082
1877  303.1401
1878  269.1338
1879  262.5211
1880  287.5097
1881  308.1782
1882  295.8003
1883  263.1426
1884  249.4981
1885  276.3312
1886  317.8562
1887  327.7210
1888  297.9322
1889  269.7892
1890  276.4127
1891  300.5329
1892  302.9662
1893  271.9573
1894  235.1176
1895  228.2439
1896  253.6680
1897  275.9677
1898  265.3246
1899  235.4304
1900  300.0000
1901  322.5929
1902  343.7614
1903  339.4554
1904  312.8926
1905  293.0208
1906  301.4763
1907  325.0030
1908  333.7848
1909  316.8430
1910  292.0762
1911  287.1859
1912  304.4246
1913  315.7173
1914  299.9702
1915  269.4869
1916  254.2359
1917  264.9011
1918  284.8105
1919  294.3975
1920  288.1695
1921  279.8530
1922  293.2198
1923  327.4161
1924  351.0548
1925  300.0000
1926  284.3618
1927  280.3279
1928  285.6445
1929  290.3746
1930  289.0222
1931  279.2856
1932  270.1450
1933  278.3598
1934  298.5074
1935  306.9540
1936  299.1124
1937  291.4279
1938  294.7513
1939  308.5919
1940  328.8523
1941  344.1180
1942  341.6030
1943  328.8153
1944  324.1053
1945  323.8747
1946  311.6724
1947  287.8991
1948  264.7017
1949  251.1478
1950  300.0000
1951  313.1509
1952  318.9106
1953  313.7503
1954  311.4968
1955  319.3847
1956  322.9623
1957  311.5890
1958  293.5535
1959  279.7602
1960  276.2928
1961  283.3815
1962  289.2066
1963  282.8793
1964  273.2946
1965  277.0561
1966  291.3797
1967  299.0518
1968  295.7409
1969  289.7259
1970  290.0600
1971  303.5144
1972  323.3070
1973  330.6433
1974  322.3938
1975  300.0000
1976  310.1123
1977  325.8139
1978  329.4647
1979  317.1827
1980  298.8259
1981  291.7910
1982  303.8261
1983  317.8848
1984  314.6117
1985  303.9933
1986  309.5394
1987  332.3856
1988  351.7427
1989  350.4420
1990  329.0817
1991  304.9370
1992  297.6671
1993  305.1435
1994  304.3835
1995  286.8660
1996  273.4586
1997  282.4288
1998  305.2706
1999  319.2684
2000  300.0000
2001  279.9046
2002  274.3561
2003  293.3407
2004  315.9872
2005  315.3950
2006  294.7288
2007  282.2292
2008  291.3581
2009  307.4201
2010  308.6353
2011  290.6106
2012  273.8647
2013  280.6612
2014  306.0597
2015  322.4707
2016  312.2061
2017  288.4221
2018  276.8670
2019  283.3115
2020  292.2909
2021  288.9993
2022  278.6177
2023  281.6016
2024  305.1190
2025  300.0000
2026  304.0707
2027  286.7894
2028  265.8887
2029  259.9477
2030  267.1840
2031  270.7613
2032  262.3636
2033  254.5919
2034  264.0802
2035  288.5606
2036  308.8185
2037  309.4724
2038  295.7205
2039  290.1500
2040  305.9493
2041  326.7496
2042  328.8630
2043  313.5707
2044  302.3610
2045  308.9422
2046  326.2638
2047  336.2810
2048  328.3256
2049  313.8965
2050  300.0000
2051  326.0642
2052  344.3640
2053  330.6036
2054  297.3015
2055  273.0247
2056  271.9479
2057  286.0501
2058  295.1293
2059  287.2445
2060  276.4538
2061  287.1882
2062  313.7635
2063  321.8760
2064  296.8355
2065  259.6005
2066  237.7430
2067  241.4564
2068  259.9321
2069  270.6665
2070  262.5903
2071  253.7697
2072  267.3841
2073  291.8452
2074  295.5348
2075  300.0000
2076  272.2063
2077  263.8864
2078  282.5632
2079  311.9811
2080  323.9056
2081  308.0711
2082  288.0620
2083  288.5438
2084  299.4052
2085  295.4739
2086  274.9275
2087  259.1392
2088  267.7004
2089  299.9919
2090  332.7017
2091  339.0958
2092  320.0275
2093  305.4549
2094  313.9386
2095  329.1696
2096  327.7684
2097  311.2265
2098  299.9970
2099  308.3648
2100  300.0000
2101  310.6203
2102  295.3323
2103  262.4899
2104  244.1029
2105  258.0330
2106  286.9232
2107  303.2676
2108  302.0332
2109  299.2374
2110  308.6409
2111  326.1119
2112  332.2481
2113  312.5434
2114  279.5296
2115  262.7195
2116  272.5794
2117  290.4013
2118  295.3696
2119  289.2074
2120  287.7301
2121  299.2604
2122  317.5673
2123  328.4423
2124  322.8092
2125  300.0000
2126  293.7561
2127  296.9269
2128  295.4613
2129  280.9732
2130  262.1639
2131  252.7111
2132  256.6692
2133  267.5434
2134  274.4925
2135  272.0400
2136  267.1185
2137  266.9084
2138  265.8309
2139  255.7837
2140  239.8257
2141  229.6492
2142  232.7886
2143  247.2201
2144  266.0053
2145  282.1953
2146  292.3553
2147  298.3258
2148  300.0637
2149  293.3539
2150  300.0000
2151  284.1849
2152  276.2736
2153  281.1157
2154  296.1336
2155  314.8910
2156  329.9676
2157  338.2447
2158  341.4996
2159  337.4334
2160  323.1120
2161  304.4981
2162  291.3836
2163  288.1687
2164  292.3616
2165  298.4237
2166  300.7712
2167  296.6019
2168  289.6280
2169  282.9153
2170  272.5000
2171  258.5158
2172  248.8861
2173  249.1570
2174  257.9246
2175  300.0000
2176  309.2387
2177  311.8463
2178  316.3027
2179  329.3100
2180  341.7325
2181  339.7714
2182  326.4464
2183  316.8009
2184  319.7303
2185  330.8255
2186  337.4689
2187  329.2833
2188  310.7281
2189  302.1137
2190  314.9079
2191  332.9297
2192  336.3223
2193  328.7562
2194  326.2067
2195  335.8764
2196  351.2302
2197  357.4040
2198  343.1948
2199  318.0751
2200  300.0000
2201  309.3641
2202  317.5812
2203  307.1337
2204  286.0322
2205  273.1144
2206  279.9948
2207  303.1761
2208  323.2653
2209  321.7316
2210  308.2556
2211  313.0544
2212  340.8649
2213  361.4258
2214  355.5000
2215  336.3677
2216  327.5486
2217  340.1135
2218  363.5922
2219  372.3620
2220  353.9847
2221  329.7361
2222  327.6945
2223  340.6198
2224  338.9019
2225  300.0000
2226  280.5678
2227  284.0366
2228  311.3154
2229  342.7278
2230  352.0334
2231  334.7977
2232  316.8742
2233  321.7459
2234  336.2716
2235  330.5294
2236  300.7190
2237  269.1141
2238  258.2062
2239  272.0998
2240  291.4475
2241  291.3193
2242  273.1100
2243  268.2684
2244  295.3493
2245  330.0107
2246  339.5118
2247  323.7970
2248  306.4534
2249  306.6680
2250  300.0000
2251  314.7515
2252  311.5079
2253  295.6516
2254  292.3681
2255  312.2931
2256  335.8520
2257  340.2442
2258  326.8212
2259  313.6136
2260  315.2535
2261  331.9196
2262  348.0796
2263  347.2535
2264  334.2546
2265  329.6987
2266  338.1632
2267  339.0604
2268  317.5105
2269  284.8021
2270  260.8145
2271  255.1823
2272  263.7520
2273  271.0696
2274  266.7587
2275  300.0000
2276  305.8663
2277  316.4909
2278  317.5213
2279  305.6826
2280  292.2396
2281  286.4294
2282  290.3232
2283  300.9253
2284  309.5410
2285  309.5097
2286  305.2025
2287  304.3085
2288  305.5509
2289  302.3631
2290  295.8306
2291  293.4152
2292  298.8290
2293  310.8693
2294  324.4550
2295  329.6682
2296  320.3753
2297  304.8800
2298  293.8166
2299  284.8692
2300  300.0000
2301  286.0898
2302  279.3402
2303  286.6252
2304  304.5864
2305  322.1510
2306  326.9716
2307  318.1513
2308  309.5181
2309  309.0698
2310  309.1151
2311  302.0524
2312  292.8204
2313  293.7037
2314  308.9833
2315  330.0860
2316  345.2535
2317  346.9528
2318  337.1990
2319  328.1520
2320  326.6345
2321  324.4389
2322  313.0966
2323  300.6058
2324  301.8250
2325  300.0000
2326  316.4587
2327  326.3371
2328  327.7010
2329  326.1516
2330  329.8718
2331  337.4558
2332  336.3513
2333  321.5983
2334  307.1623
2335  308.2376
2336  319.7034
2337  322.7871
2338  309.5936
2339  292.2598
2340  286.8738
2341  293.7958
2342  298.6844
2343  289.4185
2344  271.7892
2345  265.6814
2346  281.4845
2347  303.9032
2348  309.7923
2349  300.8396
2350  300.0000
2351  320.2836
2352  342.5547
2353  342.0963
2354  314.8104
2355  281.2883
2356  267.4803
2357  279.7821
2358  297.0712
2359  296.3894
2360  285.0651
2361  292.9352
2362  329.3153
2363  364.2945
2364  368.1132
2365  346.2489
2366  327.3587
2367  333.9685
2368  361.5904
2369  380.2434
2370  366.6628
2371  333.5038
2372  316.3330
2373  326.2637
2374  334.1836
2375  300.0000
2376  270.9624
2377  257.6410
2378  274.2053
2379  309.0108
2380  333.7413
2381  332.2361
2382  317.7520
2383  316.6713
2384  329.5339
2385  329.8861
2386  308.0126
2387  282.2120
2388  273.6494
2389  287.2827
2390  310.8825
2391  326.0226
2392  322.2455
2393  307.0247
2394  299.3537
2395  303.8998
2396  306.0478
2397  299.8084
2398  295.1132
2399  300.0217
2400  300.0000
2401  315.1088
2402  326.0088
2403  322.1082
2404  302.7588
2405  283.0786
2406  273.8862
2407  267.3821
2408  257.5314
2409  249.6492
2410  247.6520
2411  252.2150
2412  265.8424
2413  284.8861
2414  295.6735
2415  291.3826
2416  285.0146
2417  289.0260
2418  298.5400
2419  306.0509
2420  308.3963
2421  304.4483
2422  300.6550
2423  306.8071
2424  319.5700
2425  300.0000
2426  289.0138
2427  280.0624
2428  282.8993
2429  290.8984
2430  294.2809
2431  289.0232
2432  278.7497
2433  273.1392
2434  278.2699
2435  287.0515
2436  286.4251
2437  279.3932
2438  281.8345
2439  295.5191
2440  307.3021
2441  306.7563
2442  293.2358
2443  275.4336
2444  265.4670
2445  267.2445
2446  269.4582
2447  262.6566
2448  256.9560
2449  265.9928
2450  300.0000
2451  314.8450
2452  313.5968
2453  300.1284
2454  286.8220
2455  284.2928
2456  288.7952
2457  284.7615
2458  267.7737
2459  252.3584
2460  250.8109
2461  256.5190
2462  257.1386
2463  252.1384
2464  250.4560
2465  260.6887
2466  283.7629
2467  308.3825
2468  321.3988
2469  323.1192
2470  324.9878
2471  331.3277
2472  333.9549
2473  327.5702
2474  315.8929
2475  300.0000
2476  294.5446
2477  293.6221
2478  291.8676
2479  287.8621
2480  283.3828
2481  281.6298
2482  284.9774
2483  292.1907
2484  301.2315
2485  310.8308
2486  320.7850
2487  327.4409
2488  322.5355
2489  307.6548
2490  292.4148
2491  279.4539
2492  267.1425
2493  257.2078
2494  254.3063
2495  260.8329
2496  274.0725
2497  288.9835
2498  297.0420
2499  294.2742
2500  300.0000
2501  309.0764
2502  320.0765
2503  318.9700
2504  307.7684
2505  301.0899
2506  305.3589
2507  312.9287
2508  311.3190
2509  293.4587
2510  269.1162
2511  260.0898
2512  270.9505
2513  280.8645
2514  275.5026
2515  266.9842
2516  271.9214
2517  289.2475
2518  305.2839
2519  305.9685
2520  288.6140
2521  270.8756
2522  276.1536
2523  299.0958
2524  308.8009
2525  300.0000
2526  281.8075
2527  279.5403
2528  292.2110
2529  303.8146
2530  298.7620
2531  278.8993
2532  267.5407
2533  284.9099
2534  314.6130
2535  323.4606
2536  310.9256
2537  301.8618
2538  309.5650
2539  325.7963
2540  331.2201
2541  314.9696
2542  288.7227
2543  277.5795
2544  290.0025
2545  302.5777
2546  294.2594
2547  275.1829
2548  264.1834
2549  267.5597
2550  300.0000
2551  305.7352
2552  296.5061
2553  284.7124
2554  288.6040
2555  306.4540
2556  316.5102
2557  310.1336
2558  298.6477
2559  293.1754
2560  298.2388
2561  309.4192
2562  313.2893
2563  304.5989
2564  295.5441
2565  297.3184
2566  303.1798
2567  301.7388
2568  295.1003
2569  290.0935
2570  291.5470
2571  304.0035
2572  323.5169
2573  336.6802
2574  338.9132
2575  300.0000
2576  298.9102
2577  298.3107
2578  292.0489
2579  277.8025
2580  259.4235
2581  248.2122
2582  256.0088
2583  278.1965
2584  296.3086
2585  301.9758
2586  301.8023
2587  306.5019
2588  319.0504
2589  327.7148
2590  319.0071
2591  294.4129
2592  272.3106
2593  271.2251
2594  285.8035
2595  293.7355
2596  283.8315
2597  266.4368
2598  263.3138
2599  280.5247
2600  300.0000
2601  299.6153
2602  283.5439
2603  272.7300
2604  283.0768
2605  303.2404
2606  308.3218
2607  289.5702
2608  265.9006
2609  265.1504
2610  286.4146
2611  302.4396
2612  296.1840
2613  276.8566
2614  269.6344
2615  285.9323
2616  305.2157
2617  299.8132
2618  270.3657
2619  248.6301
2620  258.5309
2621  285.3227
2622  300.1793
2623  293.6962
2624  280.6594
2625  300.0000
2626  324.2783
2627  338.9292
2628  319.2064
2629  279.7654
2630  256.8661
2631  261.3041
2632  272.9938
2633  273.6960
2634  265.4555
2635  266.4731
2636  291.7038
2637  327.2293
2638  338.8997
2639  318.7579
2640  297.0677
2641  297.1564
2642  308.3628
2643  308.6602
2644  291.9198
2645  272.3451
2646  271.2918
2647  292.1662
2648  309.4772
2649  301.5102
2650  300.0000
2651  299.6982
2652  314.0207
2653  325.8564
2654  325.3535
2655  316.9013
2656  315.1333
2657  331.6984
2658  356.8414
2659  364.3190
2660  347.5310
2661  330.6563
2662  329.0211
2663  331.4810
2664  323.7288
2665  304.8179
2666  286.7700
2667  285.4495
2668  301.9252
2669  314.3328
2670  306.0642
2671  294.0771
2672  302.1721
2673  322.5471
2674  333.3930
2675  300.0000
2676  292.0171
2677  296.3386
2678  314.5926
2679  327.0932
2680  314.1537
2681  289.7267
2682  282.1684
2683  289.0093
2684  286.7516
2685  269.0171
2686  250.8325
2687  250.0997
2688  272.5749
2689  302.0947
2690  308.7999
2691  288.6367
2692  274.5422
2693  285.5304
2694  302.9424
2695  303.3203
2696  285.9604
2697  269.0301
2698  270.8569
2699  292.0669
2700  300.0000
2701  285.2588
2702  257.5970
2703  251.2769
2704  267.3593
2705  282.2816
2706  280.6240
2707  269.0528
2708  267.9508
2709  290.3208
2710  323.5669
2711  336.1479
2712  318.2733
2713  298.3841
2714  296.8218
2715  301.9358
2716  296.3981
2717  276.2031
2718  255.2770
2719  255.0580
2720  282.1048
2721  315.5373
2722  327.6066
2723  319.8456
2724  315.3874
2725  300.0000
2726  308.5439
2727  310.5092
2728  301.0499
2729  290.7882
2730  295.9924
2731  316.8361
2732  334.0027
2733  333.4456
2734  320.3723
2735  303.1063
2736  285.4014
2737  269.4496
2738  253.1471
2739  235.8680
2740  227.1874
2741  236.2444
2742  257.5755
2743  279.9009
2744  299.5798
2745  309.9862
2746  304.1839
2747  293.0044
2748  288.9437
2749  286.2227
2750  300.0000
2751  280.9674
2752  260.7497
2753  247.5779
2754  250.9022
2755  266.3958
2756  270.3654
2757  259.0819
2758  259.4555
2759  283.9852
2760  311.1265
2761  317.7033
2762  302.3542
2763  277.3631
2764  261.3852
2765  267.6808
2766  279.3890
2767  268.4410
2768  244.0926
2769  241.7845
2770  268.5080
2771  293.9744
2772  292.2996
2773  265.3732
2774  236.3235
2775  300.0000
2776  321.3843
2777  326.9812
2778  304.9334
2779  289.0398
2780  309.8894
2781  349.7362
2782  369.5613
2783  356.7897
2784  331.4245
2785  323.8165
2786  344.2345
2787  364.9497
2788  351.6114
2789  312.1660
2790  291.3195
2791  309.8593
2792  339.6417
2793  348.9666
2794  339.5382
2795  335.9352
2796  357.1034
2797  394.0737
2798  415.3069
2799  397.4216
2800  300.0000
2801  279.4751
2802  287.9985
2803  293.7971
2804  277.7709
2805  257.5270
2806  262.3268
2807  296.6704
2808  334.4886
2809  345.5946
2810  323.8302
2811  295.9404
2812  289.6100
2813  295.3189
2814  285.6310
2815  260.5493
2816  246.6953
2817  258.4464
2818  281.0149
2819  295.3283
2820  296.7438
2821  291.7979
2822  291.5344
2823  296.3801
2824  291.3383
2825  300.0000
2826  281.6714
2827  285.4848
2828  304.0491
2829  316.6894
2830  318.7911
2831  317.4624
2832  322.3269
2833  339.0154
2834  353.8898
2835  346.0734
2836  322.5462
2837  312.5882
2838  322.1580
2839  326.6257
2840  311.0612
2841  289.6508
2842  288.1459
2843  316.8842
2844  354.6999
2845  367.3460
2846  351.1730
2847  339.3790
2848  352.4497
2849  367.4475
2850  300.0000
2851  266.5673
2852  239.0151
2853  236.0976
2854  254.1705
2855  266.7421
2856  256.4783
2857  243.2371
2858  256.7758
2859  291.6474
2860  316.7592
2861  315.8736
2862  299.2003
2863  289.4973
2864  300.9244
2865  319.4005
2866  313.6636
2867  281.6376
2868  260.3473
2869  272.7007
2870  298.6256
2871  308.2280
2872  294.0738
2873  272.4676
2874  267.5798
2875  300.0000
2876  309.9835
2877  284.8243
2878  246.7909
2879  238.3686
2880  263.3417
2881  292.6661
2882  305.2733
2883  301.6236
2884  295.8996
2885  301.4674
2886  311.7928
2887  301.1749
2888  263.7289
2889  231.4883
2890  230.1309
2891  251.4007
2892  276.2598
2893  293.9392
2894  304.0586
2895  314.0334
2896  329.2054
2897  338.9648
2898  326.3315
2899  298.1797
2900  300.0000
2901  293.1494
2902  293.6263
2903  298.2088
2904  303.5202
2905  306.7373
2906  306.6140
2907  302.1281
2908  291.8095
2909  278.5996
2910  270.6666
2911  269.0071
2912  270.2665
2913  278.8151
2914  298.6602
2915  324.3024
2916  343.6382
2917  346.8388
2918  336.2791
2919  323.4086
2920  314.0979
2921  301.0109
2922  274.8553
2923  245.3701
2924  235.0890
2925  300.0000
2926  326.0704
2927  337.2497
2928  333.4325
2929  328.6640
2930  336.2029
2931  351.3546
2932  352.9636
2933  332.6434
2934  309.8551
2935  308.5229
2936  328.1478
2937  344.6700
2938  337.6091
2939  313.6743
2940  301.5894
2941  317.6816
2942  340.7525
2943  339.7524
2944  315.2707
2945  296.3620
2946  307.2629
2947  338.1393
2948  351.5896
2949  328.0692
2950  300.0000
2951  297.7090
2952  327.1402
2953  352.4311
2954  348.1930
2955  324.4648
2956  310.5788
2957  324.5506
2958  350.5443
2959  352.0884
2960  317.4600
2961  280.4015
2962  279.3426
2963  308.5134
2964  331.7595
2965  330.3475
2966  316.5807
2967  316.4660
2968  344.8497
2969  382.5579
2970  389.8092
2971  357.8541
2972  324.3966
2973  319.8129
2974  329.7619
2975  300.0000
2976  285.4865
2977  274.7824
2978  282.8392
2979  312.3429
2980  342.3248
2981  345.4098
2982  324.6355
2983  306.8737
2984  301.3508
2985  298.1536
2986  294.4212
2987  295.7770
2988  303.7602
2989  317.3876
2990  339.6564
2991  364.4986
2992  372.9523
2993  359.2716
2994  334.4295
2995  305.8484
2996  278.5305
2997  262.3679
2998  262.2746
2999  271.3590
3000  300.0000
3001  324.6837
3002  354.3477
3003  373.8267
3004  380.0905
3005  374.5904
3006  354.0072
3007  326.8337
3008  311.2225
3009  309.9759
3010  306.5695
3011  293.6089
3012  286.8103
3013  298.7179
3014  323.1815
3015  346.9468
3016  356.5116
3017  347.7006
3018  335.0163
3019  334.6718
3020  339.5811
3021  328.5410
3022  300.5956
3023  278.0492
3024  275.1173
3025  300.0000
3026  320.8448
3027  335.6335
3028  340.1426
3029  346.2884
3030  364.1842
3031  382.6659
3032  383.7259
3033  367.8397
3034  348.6689
3035  335.2316
3036  332.8278
3037  340.0049
3038  344.0365
3039  339.9862
3040  339.9029
3041  351.1959
3042  363.2123
3043  363.5236
3044  354.2543
3045  342.1485
3046  327.1037
3047  311.3043
3048  301.1751
3049  297.9498
3050  300.0000
3051  308.1592
3052  322.0346
3053  336.5216
3054  346.7537
3055  351.0148
3056  346.5637
3057  331.4452
3058  311.6735
3059  295.9250
3060  286.5388
3061  281.3108
3062  281.2858
3063  291.6869
3064  312.9161
3065  335.2685
3066  348.5320
3067  352.2130
3068  352.5376
3069  351.5248
3070  346.5783
3071  336.8960
3072  321.3673
3073  303.4650
3074  294.6268
3075  300.0000
3076  305.4109
3077  304.6566
3078  305.7286
3079  317.3529
3080  334.4617
3081  347.2871
3082  348.8030
3083  335.5200
3084  318.4703
3085  317.1600
3086  331.3835
3087  340.5657
3088  336.3527
3089  333.0703
3090  343.0580
3091  358.9511
3092  365.0272
3093  353.8039
3094  331.5065
3095  315.7135
3096  319.6916
3097  335.6406
3098  344.9398
3099  344.5802
3100  300.0000
3101  317.0476
3102  334.0424
3103  332.2928
3104  312.8320
3105  291.4365
3106  285.0973
3107  297.3881
3108  313.0099
3109  314.9681
3110  306.0208
3111  303.0372
3112  309.8472
3113  309.5881
3114  290.5456
3115  263.5410
3116  249.0433
3117  256.5297
3118  277.8950
3119  295.9919
3120  299.5465
3121  295.0746
3122  299.4203
3123  312.1231
3124  312.4574
3125  300.0000
3126  279.5815
3127  270.6493
3128  270.0448
3129  270.7667
3130  267.5144
3131  256.7909
3132  247.0510
3133  252.5026
3134  270.1752
3135  283.9092
3136  291.1209
3137  302.1864
3138  317.6276
3139  328.1484
3140  329.9309
3141  320.7065
3142  297.9613
3143  271.6322
3144  257.1171
3145  255.6579
3146  257.4320
3147  260.4574
3148  269.1289
3149  279.1897
3150  300.0000
3151  306.1255
3152  312.0117
3153  311.3647
3154  305.5932
3155  298.9868
3156  291.3137
3157  284.1789
3158  282.8885
3159  286.8090
3160  286.7726
3161  281.1550
3162  279.3846
3163  282.6982
3164  285.1169
3165  286.4473
3166  287.9819
3167  288.7364
3168  288.6641
3169  290.9645
3170  298.8880
3171  312.0702
3172  327.8760
3173  342.8641
3174  351.8086
3175  300.0000
3176  303.2292
3177  308.3940
3178  303.2001
3179  283.6717
3180  260.5331
3181  250.8928
3182  261.3627
3183  280.3641
3184  292.8607
3185  296.0693
3186  297.6114
3187  302.7565
3188  308.0533
3189  305.4267
3190  288.7212
3191  263.0270
3192  246.7966
3193  251.9151
3194  267.9853
3195  278.9928
3196  281.6991
3197  284.1663
3198  293.9981
3199  308.1111
3200  300.0000
3201  289.9235
3202  274.0310
3203  271.5530
3204  284.8749
3205  294.9271
3206  290.4224
3207  281.7947
3208  283.7208
3209  296.3580
3210  309.2445
3211  313.4439
3212  307.9668
3213  303.0623
3214  309.4990
3215  318.7230
3216  310.0374
3217  281.8930
3218  256.2137
3219  250.0715
3220  260.0974
3221  273.7017
3222  281.6384
3223  284.6914
3224  293.6610
3225  300.0000
3226  316.7270
3227  308.3948
3228  275.3225
3229  244.1516
3230  234.5119
3231  239.3026
3232  241.7189
3233  235.8412
3234  230.4899
3235  239.3344
3236  263.1090
3237  282.3014
3238  277.9433
3239  259.1813
3240  251.2391
3241  258.9214
3242  265.6596
3243  260.2762
3244  247.2279
3245  239.5715
3246  245.6720
3247  259.1128
3248  265.0162
3249  258.9239
3250  300.0000
3251  306.3599
3252  315.2745
3253  314.6119
3254  301.1999
3255  284.4397
3256  276.5489
3257  279.5116
3258  283.1018
3259  279.2266
3260  273.9528
3261  280.0928
3262  299.2212
3263  315.3748
3264  313.2691
3265  296.3736
3266  279.9303
3267  272.4456
3268  268.5414
3269  257.2883
3270  239.3515
3271  232.5190
3272  251.3464
3273  286.7094
3274  314.3893
3275  300.0000
3276  298.6146
3277  303.6500
3278  313.4551
3279  315.0372
3280  299.9130
3281  277.7766
3282  270.4002
3283  285.9620
3284  307.8507
3285  314.3897
3286  304.5591
3287  296.4517
3288  301.3852
3289  311.7444
3290  312.7774
3291  296.9074
3292  274.1659
3293  266.2747
3294  278.3077
3295  289.0321
3296  279.1345
3297  256.0284
3298  241.2703
3299  244.0171
3300  300.0000
3301  307.4913
3302  296.3216
3303  279.8814
3304  282.1672
3305  304.4208
3306  319.9687
3307  311.9428
3308  294.8166
3309  290.5218
3310  302.3529
3311  319.0204
3312  326.8795
3313  318.8735
3314  305.4422
3315  307.0113
3316  325.4638
3317  339.9484
3318  339.6736
3319  335.7025
3320  338.8133
3321  348.7430
3322  359.9096
3323  361.6781
3324  345.1832
3325  300.0000
3326  289.4564
3327  296.5717
3328  302.1948
3329  297.0899
3330  287.2333
3331  280.8160
3332  283.8265
3333  293.4744
3334  296.1677
3335  285.3699
3336  273.7604
3337  275.7696
3338  288.0430
3339  296.2016
3340  291.5353
3341  276.3111
3342  263.0735
3343  265.5466
3344  282.0228
3345  297.0374
3346  303.6606
3347  308.0355
3348  314.9441
3349  324.8689
3350  300.0000
3351  295.7370
3352  278.4603
3353  260.5740
3354  259.2767
3355  273.2388
3356  286.5824
3357  294.5069
3358  301.5241
3359  307.1855
3360  311.2726
3361  310.4087
3362  294.9719
3363  266.6292
3364  244.6107
3365  242.7195
3366  249.9043
3367  249.3600
3368  244.7388
3369  244.7860
3370  247.9562
3371  254.1900
3372  261.1889
3373  260.4184
3374  253.9289
3375  300.0000
3376  315.0415
3377  325.6114
3378  324.4882
3379  321.8041
3380  322.9652
3381  321.7196
3382  317.9409
3383  314.9928
3384  310.1333
3385  302.8879
3386  299.0329
3387  300.1776
3388  300.7822
3389  301.2936
3390  311.7388
3391  333.0919
3392  352.5368
3393  362.2276
3394  365.4539
3395  365.7854
3396  362.0708
3397  352.1326
3398  335.7435
3399  315.2549
3400  300.0000
3401  293.8933
3402  296.7697
3403  296.4514
3404  291.3725
3405  294.6898
3406  313.4600
3407  336.5965
3408  348.6314
3409  344.9069
3410  330.0299
3411  313.8394
3412  306.0946
3413  302.0864
3414  287.4137
3415  263.7280
3416  253.6608
3417  270.3309
3418  297.5281
3419  313.7008
3420  315.8018
3421  312.1469
3422  311.6307
3423  317.6537
3424  321.1435
3425  300.0000
3426  276.4714
3427  266.6127
3428  283.5655
3429  309.3950
3430  321.8504
3431  318.3575
3432  308.0236
3433  299.8747
3434  296.8976
3435  292.0485
3436  275.1137
3437  249.9364
3438  237.2334
3439  248.1819
3440  267.5082
3441  276.2120
3442  273.6303
3443  270.5491
3444  274.5056
3445  284.8438
3446  294.7027
3447  295.7071
3448  288.2389
3449  285.0084
3450  300.0000
3451  308.0406
3452  303.4498
3453  292.0934
3454  286.9170
3455  292.4447
3456  306.3188
3457  322.5867
3458  331.2549
3459  327.2934
3460  318.2896
3461  312.4966
3462  305.5403
3463  291.8453
3464  277.6032
3465  271.7631
3466  277.7928
3467  296.2337
3468  320.3192
3469  335.1786
3470  334.0580
3471  328.1983
3472  328.1918
3473  327.2199
3474  316.7035
3475  300.0000
3476  286.6735
3477  281.2827
3478  289.3010
3479  306.0683
3480  316.7429
3481  317.1208
3482  320.0450
3483  332.6196
3484  343.4756
3485  341.2581
3486  327.5904
3487  309.5806
3488  296.8507
3489  296.3485
3490  301.2588
3491  298.3159
3492  287.7909
3493  284.9953
3494  296.7203
3495  311.1170
3496  316.9991
3497  315.0981
3498  310.4096
3499  308.2530
3500  300.0000
3501  304.3732
3502  306.7041
3503  307.8289
3504  312.1957
3505  316.7372
3506  314.9853
3507  308.6671
3508  302.2113
3509  296.1861
3510  290.5650
3511  285.2716
3512  282.2865
3513  284.5859
3514  292.1219
3515  300.8332
3516  302.3683
3517  295.4751
3518  290.8724
3519  295.1896
3520  304.1747
3521  308.8002
3522  304.3227
3523  298.5052
3524  302.1164
3525  300.0000
3526  310.0768
3527  306.2060
3528  294.2358
3529  293.3979
3530  308.6290
3531  326.4865
3532  330.8376
3533  318.8880
3534  305.8123
3535  306.6452
3536  316.3109
3537  313.3956
3538  287.1643
3539  258.5486
3540  255.7771
3541  278.4771
3542  303.3509
3543  309.5789
3544  296.8660
3545  286.2597
3546  295.1909
3547  312.1107
3548  307.1602
3549  272.5666
3550  300.0000
3551  291.4518
3552  301.4397
3553  308.4816
3554  297.4733
3555  275.3515
3556  269.0431
3557  295.3694
3558  336.0320
3559  355.2242
3560  342.9669
3561  328.3807
3562  336.3840
3563  355.2766
3564  358.4377
3565  333.6016
3566  294.5922
3567  272.1645
3568  282.1080
3569  304.3681
3570  306.4684
3571  288.3113
3572  283.0566
3573  306.3167
3574  337.7303
3575  300.0000
3576  289.5313
3577  270.0218
3578  261.5918
3579  273.8580
3580  290.1964
3581  288.8109
3582  274.8397
3583  270.9521
3584  283.8754
3585  299.9648
3586  303.3982
3587  290.3684
3588  273.7539
3589  273.7946
3590  294.6657
3591  314.0431
3592  310.0301
3593  291.0623
3594  281.6575
3595  287.8198
3596  295.2371
3597  292.0732
3598  279.1222
3599  266.2872
3600  300.0000
3601  315.6427
3602  327.7370
3603  321.6682
3604  303.2277
3605  290.4239
3606  288.7698
3607  288.3181
3608  281.5436
3609  270.1415
3610  261.0684
3611  263.2350
3612  278.5162
3613  295.7387
3614  302.2920
3615  302.0611
3616  310.7237
3617  329.1156
3618  342.4142
3619  343.8620
3620  337.3060
3621  326.5974
3622  315.7011
3623  307.6743
3624  297.5689
3625  300.0000
3626  277.8757
3627  270.0508
3628  279.1814
3629  291.8479
3630  300.7642
3631  307.0176
3632  313.2098
3633  324.6805
3634  342.8070
3635  354.5633
3636  348.0868
3637  333.2497
3638  327.4424
3639  329.8654
3640  328.4072
3641  319.7521
3642  307.8367
3643  296.5403
3644  294.1904
3645  305.1238
3646  315.9990
3647  314.4331
3648  308.7091
3649  312.1644
3650  300.0000
3651  308.3127
3652  312.2772
3653  311.3353
3654  307.0831
3655  306.5552
3656  312.4016
3657  312.8566
3658  298.1952
3659  277.9415
3660  267.7482
3661  269.3932
3662  275.5097
3663  283.7297
3664  295.9402
3665  311.8293
3666  332.0883
3667  357.2623
3668  376.4334
3669  376.9758
3670  363.6321
3671  347.5454
3672  330.6629
3673  312.8457
3674  300.5457
3675  300.0000
3676  303.5747
3677  308.3260
3678  317.4520
3679  326.3734
3680  326.6150
3681  320.3526
3682  312.4081
3683  303.4271
3684  297.1913
3685  301.0602
3686  311.1170
3687  309.7905
3688  294.7965
3689  285.2418
3690  287.9914
3691  292.8466
3692  292.1159
3693  283.0675
3694  269.5523
3695  266.1701
3696  285.1055
3697  311.6836
3698  315.7334
3699  297.8772
3700  300.0000
3701  310.2677
3702  324.8018
3703  327.6637
3704  314.0611
3705  295.8853
3706  297.1752
3707  327.4969
3708  359.0509
3709  355.8465
3710  323.8404
3711  300.9178
3712  304.8414
3713  319.6242
3714  321.3006
3715  301.3533
3716  275.9229
3717  274.2465
3718  303.9123
3719  332.1512
3720  323.6837
3721  290.6950
3722  278.1094
3723  303.1910
3724  338.6145
3725  300.0000
3726  290.2805
3727  282.0140
3728  294.4416
3729  321.9900
3730  333.5202
3731  310.4679
3732  276.2697
3733  266.8292
3734  284.6393
3735  304.1322
3736  307.3613
3737  299.8952
3738  300.7438
3739  321.0375
3740  347.3985
3741  351.1548
3742  323.6945
3743  290.2107
3744  276.2665
3745  277.8366
3746  274.8466
3747  258.6401
3748  239.4083
3749  235.3294
3750  300.0000
3751  322.9765
3752  319.1937
3753  297.2506
3754  290.3416
3755  309.3011
3756  330.6117
3757  332.2097
3758  318.6309
3759  309.8203
3760  318.6088
3761  336.9741
3762  339.6412
3763  313.3205
3764  279.2452
3765  269.7833
3766  287.1056
3767  304.9890
3768  306.9625
3769  300.4228
3770  300.9359
3771  316.9513
3772  339.1113
3773  344.4689
3774  323.5465
3775  300.0000
3776  285.5220
3777  289.3610
3778  295.6692
3779  294.2721
3780  290.8173
3781  298.7879
3782  323.1947
3783  349.0226
3784  357.2661
3785  347.3688
3786  333.7620
3787  329.3653
3788  332.9253
3789  331.5779
3790  318.4352
3791  302.2789
3792  298.6374
3793  308.9070
3794  317.3632
3795  313.8178
3796  303.5087
3797  295.4720
3798  295.8449
3799  303.3374
3800  300.0000
3801  292.4487
3802  286.4966
3803  298.1403
3804  321.1683
3805  335.4731
3806  336.2410
3807  332.5841
3808  329.9014
3809  329.8758
3810  329.4204
3811  318.3255
3812  296.5959
3813  283.5962
3814  291.5373
3815  305.0717
3816  307.1125
3817  303.5672
3818  305.6723
3819  312.8688
3820  321.0287
3821  323.3172
3822  311.2139
3823  292.2765
3824  288.3040
3825  300.0000
3826  306.4090
3827  292.3701
3828  275.2172
3829  272.5374
3830  281.8301
3831  292.8460
3832  295.8830
3833  289.4432
3834  290.9171
3835  318.7875
3836  358.1554
3837  371.9597
3838  352.3485
3839  329.8867
3840  327.7386
3841  337.8428
3842  340.2298
3843  323.7465
3844  297.6966
3845  288.6393
3846  309.1871
3847  333.0328
3848  325.8735
3849  294.1541
3850  300.0000
3851  308.8530
3852  327.1933
3853  332.3498
3854  318.5213
3855  302.7378
3856  310.0741
3857  341.5892
3858  365.0754
3859  354.2845
3860  325.0163
3861  313.3901
3862  327.6673
3863  343.3214
3864  337.4272
3865  313.0124
3866  296.3694
3867  310.4727
3868  344.3478
3869  361.3644
3870  344.9465
3871  320.7715
3872  323.2637
3873  349.3204
3874  364.3358
3875  300.0000
3876  274.2077
3877  269.9807
3878  293.7650
3879  321.8911
3880  328.7138
3881  316.1679
3882  307.7871
3883  317.2285
3884  330.2823
3885  322.5408
3886  292.0796
3887  265.8435
3888  270.2522
3889  300.1284
3890  325.3628
3891  327.8322
3892  319.0782
3893  319.7576
3894  334.7125
3895  347.6519
3896  337.9508
3897  308.7776
3898  288.9032
3899  296.5634
3900  300.0000
3901  303.0374
3902  292.2776
3903  286.0405
3904  292.4339
3905  304.3142
3906  308.9558
3907  297.8074
3908  280.6318
3909  279.3368
3910  297.2785
3911  311.7846
3912  306.5936
3913  293.3990
3914  290.0427
3915  295.6394
3916  298.8128
3917  291.3630
3918  273.3585
3919  259.8692
3920  269.7167
3921  297.4237
3922  315.9954
3923  314.0091
3924  308.5204
3925  300.0000
3926  314.8173
3927  321.0266
3928  308.6406
3929  283.4685
3930  266.6975
3931  274.1199
3932  293.7071
3933  301.7016
3934  295.1753
3935  292.6010
3936  305.1624
3937  320.7952
3938  322.3098
3939  306.8530
3940  286.6654
3941  279.6569
3942  290.8956
3943  304.7516
3944  305.4644
3945  296.8822
3946  295.7478
3947  307.4487
3948  316.3945
3949  307.5058
3950  300.0000
3951  281.2084
3952  282.3356
3953  298.8557
3954  308.6618
3955  299.1599
3956  281.5318
3957  276.8874
3958  288.1099
3959  294.1503
3960  278.6078
3961  250.7251
3962  235.9225
3963  248.7605
3964  275.5564
3965  290.1619
3966  285.2670
3967  280.4936
3968  294.8907
3969  319.8290
3970  329.8824
3971  313.5407
3972  285.3565
3973  271.5069
3974  283.4539
3975  300.0000
3976  304.7475
3977  290.2336
3978  282.3021
3979  299.7461
3980  327.3143
3981  336.4924
3982  318.4526
3983  291.1688
3984  280.9751
3985  295.0280
3986  311.8974
3987  306.5941
3988  284.1980
3989  275.0412
3990  291.8867
3991  313.5443
3992  314.4295
3993  292.1901
3994  267.8471
3995  264.8806
3996  283.6236
3997  299.6708
3998  294.4456
3999  280.4543
4000  300.0000
4001  324.6631
4002  345.3702
4003  342.5262
4004  320.1144
4005  300.5604
4006  301.3867
4007  313.3035
4008  310.3289
4009  285.3698
4010  261.1604
4011  260.3490
4012  278.1736
4013  292.5320
4014  291.4606
4015  285.1831
4016  293.7774
4017  321.2326
4018  345.8234
4019  345.2696
4020  323.2205
4021  302.2032
4022  296.3694
4023  298.0087
4024  291.1750
4025  300.0000
4026  285.8434
4027  293.3168
4028  319.5619
4029  341.1994
4030  342.8301
4031  332.2398
4032  327.0971
4033  332.9229
4034  338.0170
4035  329.8983
4036  312.9935
4037  305.7495
4038  315.3375
4039  325.1627
4040  318.9581
4041  303.6758
4042  295.7387
4043  299.6476
4044  307.6117
4045  309.3628
4046  303.1944
4047  301.1874
4048  315.0641
4049  334.5329
4050  300.0000
4051  285.3724
4052  277.3300
4053  285.0934
4054  297.9698
4055  303.3486
4056  298.4415
4057  291.7794
4058  295.8459
4059  310.4550
4060  316.3712
4061  297.0328
4062  265.9314
4063  255.3613
4064  274.1826
4065  299.2436
4066  308.2404
4067  302.4454
4068  300.8022
4069  317.1509
4070  340.6995
4071  342.5617
4072  308.5079
4073  263.2538
4074  246.7043
4075  300.0000
4076  314.0450
4077  302.2906
4078  281.1225
4079  278.5778
4080  303.6017
4081  334.6163
4082  338.6783
4083  308.1459
4084  276.2367
4085  279.5933
4086  307.3086
4087  319.5463
4088  303.4926
4089  282.3613
4090  284.1920
4091  313.1622
4092  345.0210
4093  350.0135
4094  324.2497
4095  298.6896
4096  304.9881
4097  328.8350
4098  329.9396
4099  300.3737
4100  300.0000
4101  295.4921
4102  320.7128
4103  352.0837
4104  360.6748
4105  341.4798
4106  323.3808
4107  333.7612
4108  354.7892
4109  351.3518
4110  321.2138
4111  291.4629
4112  287.8531
4113  311.6245
4114  339.9112
4115  347.8229
4116  332.7315
4117  321.5531
4118  338.2623
4119  365.6587
4120  368.6258
4121  339.1730
4122  301.3392
4123  284.2754
4124  293.2280
4125  300.0000
4126  297.0873
4127  277.0543
4128  267.4109
4129  290.8641
4130  329.4006
4131  347.3965
4132  336.1599
4133  317.7418
4134  315.3487
4135  328.5163
4136  336.1729
4137  319.9863
4138  287.6707
4139  272.2225
4140  293.6289
4141  327.5709
4142  336.7224
4143  317.6265
4144  297.6073
4145  299.5536
4146  318.6867
4147  329.9435
4148  315.9827
4149  288.4193
4150  300.0000
4151  325.5887
4152  353.6343
4153  350.5254
4154  324.0275
4155  307.7748
4156  319.8515
4157  345.8540
4158  357.4099
4159  342.4991
4160  317.8163
4161  314.1617
4162  338.8203
4163  361.1693
4164  356.3040
4165  338.3159
4166  336.4074
4167  358.4371
4168  384.9863
4169  393.7405
4170  383.2076
4171  370.7011
4172  372.0976
4173  382.3171
4174  378.5159
4175  300.0000
4176  278.3900
4177  281.6378
4178  301.2392
4179  313.7604
4180  308.8050
4181  297.3831
4182  291.9621
4183  291.8113
4184  287.8910
4185  274.3433
4186  260.1709
4187  262.1219
4188  281.3188
4189  299.8603
4190  303.9888
4191  301.5638
4192  307.5659
4193  317.2774
4194  314.1201
4195  295.0726
4196  272.2756
4197  261.4662
4198  268.9596
4199  283.2783
4200  300.0000
4201  294.6275
4202  301.6063
4203  334.4437
4204  370.3677
4205  379.5303
4206  359.5128
4207  329.6655
4208  310.5149
4209  305.7567
4210  299.7662
4211  278.9736
4212  255.7965
4213  261.9999
4214  304.5923
4215  347.8703
4216  359.1824
4217  343.5200
4218  327.0703
4219  326.1574
4220  332.2561
4221  324.5801
4222  297.3961
4223  272.7319
4224  279.8737
4225  300.0000
4226  329.6427
4227  329.8677
4228  309.4277
4229  293.2351
4230  294.8500
4231  304.8307
4232  305.3064
4233  293.9435
4234  289.4993
4235  310.0924
4236  344.8894
4237  363.2336
4238  353.2231
4239  331.5176
4240  320.2349
4241  323.5962
4242  326.0287
4243  313.1893
4244  290.9759
4245  280.2411
4246  292.8373
4247  314.0732
4248  319.9797
4249  308.0364
4250  300.0000
4251  309.1182
4252  335.3012
4253  357.9698
4254  360.3192
4255  344.4450
4256  328.9926
4257  329.1683
4258  334.3495
4259  324.1711
4260  298.5079
4261  276.8959
4262  276.9773
4263  296.0830
4264  314.5577
4265  314.4065
4266  296.2266
4267  282.7514
4268  291.2953
4269  308.2866
4270  311.4834
4271  298.6981
4272  286.2791
4273  290.5023
4274  311.1849
4275  300.0000
4276  303.3117
4277  290.6170
4278  280.6567
4279  287.7185
4280  299.6726
4281  299.0271
4282  286.3380
4283  275.5925
4284  279.5761
4285  299.5027
4286  320.5613
4287  321.8904
4288  303.0974
4289  289.7581
4290  296.9570
4291  308.4870
4292  304.1593
4293  283.5377
4294  261.8541
4295  255.8759
4296  269.0561
4297  284.8409
4298  283.3109
4299  268.0585
4300  300.0000
4301  314.7870
4302  325.2558
4303  315.6663
4304  294.4410
4305  281.4486
4306  289.3100
4307  311.9045
4308  327.6998
4309  321.9504
4310  307.2711
4311  309.7576
4312  328.7950
4313  337.4981
4314  323.7256
4315  302.1560
4316  292.7447
4317  300.1249
4318  310.3228
4319  306.0740
4320  285.8156
4321  269.3526
4322  277.2197
4323  300.6712
4324  313.4853
4325  300.0000
4326  297.4057
4327  306.5789
4328  317.7944
4329  314.9939
4330  293.0204
4331  263.1633
4332  247.8685
4333  258.1628
4334  276.3098
4335  282.4470
4336  284.6047
4337  300.9976
4338  328.9231
4339  347.3722
4340  342.0201
4341  319.7977
4342  302.5497
4343  305.0259
4344  316.2142
4345  310.9188
4346  285.8818
4347  268.1141
4348  278.2274
4349  303.1788
4350  300.0000
4351  291.5137
4352  279.5020
4353  283.7406
4354  303.9124
4355  317.0206
4356  303.0875
4357  273.8515
4358  259.8858
4359  270.7770
4360  287.7456
4361  290.5250
4362  278.8699
4363  271.1603
4364  281.2945
4365  297.7844
4366  295.3354
4367  269.3134
4368  245.9876
4369  249.7539
4370  275.5246
4371  300.4811
4372  309.4971
4373  309.0936
4374  318.5373
4375  300.0000
4376  310.7777
4377  294.1064
4378  259.3506
4379  237.0494
4380  243.0349
4381  264.8759
4382  280.0637
4383  279.1715
4384  276.6194
4385  293.8763
4386  324.3285
4387  334.7737
4388  310.5378
4389  275.9909
4390  261.5683
4391  269.7806
4392  281.2544
4393  277.3028
4394  256.2666
4395  239.7572
4396  251.2393
4397  278.8844
4398  287.6798
4399  270.3570
4400  300.0000
4401  298.7364
4402  309.4089
4403  322.1041
4404  326.5115
4405  317.2551
4406  305.0550
4407  309.1896
4408  325.3913
4409  327.7602
4410  310.9684
4411  293.9907
4412  288.1289
4413  290.3506
4414  295.6021
4415  298.4658
4416  294.0366
4417  287.8014
4418  290.9988
4419  299.6953
4420  302.1313
4421  301.4592
4422  305.6861
4423  312.2192
4424  316.6609
4425  300.0000
4426  308.4389
4427  313.5067
4428  308.7136
4429  298.3203
4430  286.5836
4431  274.5024
4432  266.2505
4433  264.0075
4434  264.7499
4435  268.7299
4436  281.0779
4437  300.4749
4438  315.7621
4439  319.2503
4440  314.5758
4441  308.2743
4442  303.9944
4443  302.3488
4444  299.5271
4445  292.3847
4446  285.4255
4447  285.8444
4448  291.1179
4449  290.0816
4450  300.0000
4451  288.2072
4452  284.5790
4453  290.8537
4454  301.6549
4455  310.1053
4456  314.7326
4457  321.4504
4458  333.9586
4459  344.1273
4460  340.7087
4461  324.3747
4462  304.8845
4463  289.2842
4464  280.0384
4465  277.1580
4466  278.0219
4467  280.3478
4468  284.8534
4469  292.6776
4470  300.2821
4471  301.6722
4472  296.5525
4473  289.0130
4474  281.8988
4475  300.0000
4476  298.0988
4477  297.7321
4478  299.8735
4479  305.4089
4480  314.2694
4481  323.0807
4482  327.1867
4483  324.4220
4484  312.3095
4485  291.0778
4486  267.8726
4487  251.3585
4488  246.4250
4489  251.3554
4490  259.0933
4491  267.5372
4492  282.6594
4493  305.4406
4494  324.4827
4495  327.9005
4496  316.3485
4497  299.3670
4498  286.3049
4499  280.7252
4500  300.0000
4501  287.5548
4502  275.2794
4503  283.7006
4504  310.0276
4505  330.9022
4506  335.4587
4507  333.4187
4508  337.3813
4509  350.7921
4510  365.3522
4511  363.7198
4512  338.8005
4513  313.2057
4514  313.4227
4515  329.6230
4516  334.0232
4517  322.1554
4518  310.9134
4519  314.0809
4520  332.4890
4521  353.4897
4522  356.4791
4523  336.6450
4524  322.1833
4525  300.0000
4526  322.6765
4527  323.5773
4528  302.0563
4529  281.5494
4530  279.8117
4531  296.1109
4532  312.5074
4533  308.3563
4534  287.1998
4535  280.8260
4536  303.0847
4537  324.6959
4538  319.9782
4539  299.5410
4540  287.4136
4541  294.4938
4542  313.9358
4543  328.4247
4544  325.3464
4545  313.3104
4546  315.8758
4547  336.6571
4548  348.7053
4549  334.2658
4550  300.0000
4551  281.8799
4552  280.6220
4553  288.9537
4554  295.2735
4555  294.3975
4556  293.8931
4557  307.7395
4558  332.3791
4559  343.0371
4560  329.6041
4561  309.0386
4562  298.9021
4563  300.2363
4564  303.3921
4565  299.1120
4566  284.9870
4567  268.8835
4568  264.3783
4569  270.9875
4570  272.7435
4571  265.8907
4572  263.5045
4573  274.4018
4574  295.2689
4575  300.0000
4576  316.0153
4577  319.3709
4578  309.7186
4579  297.8152
4580  289.5627
4581  279.7164
4582  266.7844
4583  256.4576
4584  253.1455
4585  258.8398
4586  273.8208
4587  291.5619
4588  299.6878
4589  294.2509
4590  284.2356
4591  277.8091
4592  275.0990
4593  273.4843
4594  271.5195
4595  270.9542
4596  277.2857
4597  292.5074
4598  307.8774
4599  311.7855
4600  300.0000
4601  284.4254
4602  271.1972
4603  262.6678
4604  254.8584
4605  244.9836
4606  238.5020
4607  243.9149
4608  259.8119
4609  275.9363
4610  286.5899
4611  292.9262
4612  297.7825
4613  302.7612
4614  304.6240
4615  297.4748
4616  283.2787
4617  273.6045
4618  274.3234
4619  277.0723
4620  275.6665
4621  275.5386
4622  280.0996
4623  287.0435
4624  293.5307
4625  300.0000
4626  291.0047
4627  280.4410
4628  279.8252
4629  285.3080
4630  283.1197
4631  273.6732
4632  271.2035
4633  280.4081
4634  293.7178
4635  301.2291
4636  295.2221
4637  279.0824
4638  267.7535
4639  269.1726
4640  273.2737
4641  267.7321
4642  257.5130
4643  258.4937
4644  274.9825
4645  296.9682
4646  312.1004
4647  315.1137
4648  312.9545
4649  315.7826
4650  300.0000
4651  300.3000
4652  290.6921
4653  276.9098
4654  269.7735
4655  271.6947
4656  275.3848
4657  272.9344
4658  265.9228
4659  265.2112
4660  276.7810
4661  294.6764
4662  310.1227
4663  319.9777
4664  327.0795
4665  334.3670
4666  337.9185
4667  329.3313
4668  306.6945
4669  280.9883
4670  265.9890
4671  264.8111
4672  271.4558
4673  279.2348
4674  285.2046
4675  300.0000
4676  312.1952
4677  323.3775
4678  325.0589
4679  317.5385
4680  310.4995
4681  310.3421
4682  313.2310
4683  311.7655
4684  303.8908
4685  293.7589
4686  286.7160
4687  284.2425
4688  282.4954
4689  277.7227
4690  274.1592
4691  280.7778
4692  298.9942
4693  319.6032
4694  332.5989
4695  334.7861
4696  326.3708
4697  309.9718
4698  291.5091
4699  273.6993
4700  300.0000
4701  284.9023
4702  279.9265
4703  288.9221
4704  301.9238
4705  305.6387
4706  298.1632
4707  288.0956
4708  282.9959
4709  282.6960
4710  281.6399
4711  277.3048
4712  275.0893
4713  282.6042
4714  298.2746
4715  310.1118
4716  311.3515
4717  308.9204
4718  309.1461
4719  309.0012
4720  303.9026
4721  292.6779
4722  278.9712
4723  271.7871
4724  277.8585
4725  300.0000
4726  305.4141
4727  301.3958
4728  303.1894
4729  319.1791
4730  338.4179
4731  345.1549
4732  336.3623
4733  322.7072
4734  317.1840
4735  321.1700
4736  320.9182
4737  304.8150
4738  282.7122
4739  276.0429
4740  289.5883
4741  306.3353
4742  310.0384
4743  302.0016
4744  296.7497
4745  305.3541
4746  321.2532
4747  325.3750
4748  309.7109
4749  289.0815
4750  300.0000
4751  302.9993
4752  297.8673
4753  276.5670
4754  250.7871
4755  240.5853
4756  254.2409
4757  278.1993
4758  289.2151
4759  281.9840
4760  277.8707
4761  293.5032
4762  315.8384
4763  322.5071
4764  312.1477
4765  303.8643
4766  314.6315
4767  341.6190
4768  362.8648
4769  357.1763
4770  329.6400
4771  308.0656
4772  305.1702
4773  304.6369
4774  289.9765
4775  300.0000
4776  290.2947
4777  305.0045
4778  337.4749
4779  364.9894
4780  367.9812
4781  351.3799
4782  341.9989
4783  350.9177
4784  355.9227
4785  336.9284
4786  305.3493
4787  287.7331
4788  296.1726
4789  318.1607
4790  327.7094
4791  311.7276
4792  290.5684
4793  295.3506
4794  323.0627
4795  342.7019
4796  339.4713
4797  328.8542
4798  333.1578
4799  356.8521
4800  300.0000
4801  302.3582
4802  283.7145
4803  261.5745
4804  257.6358
4805  271.4457
4806  284.0265
4807  282.4675
4808  273.8985
4809  274.5464
4810  290.6014
4811  309.7416
4812  312.0521
4813  294.9803
4814  280.7011
4815  287.5059
4816  305.3637
4817  311.3452
4818  298.4992
4819  281.7521
4820  279.5312
4821  293.2349
4822  303.4468
4823  290.7578
4824  262.6182
4825  300.0000
4826  301.5012
4827  309.6355
4828  314.4706
4829  312.9279
4830  312.6448
4831  323.0049
4832  340.6622
4833  349.3394
4834  338.6877
4835  318.0282
4836  303.4939
4837  300.7819
4838  303.3913
4839  300.9022
4840  293.2319
4841  293.7578
4842  311.7716
4843  337.2392
4844  348.7548
4845  337.4327
4846  315.8588
4847  299.9273
4848  293.6861
4849  291.4814
4850  300.0000
4851  293.9433
4852  296.5829
4853  313.2135
4854  333.9536
4855  343.2349
4856  338.3573
4857  330.6529
4858  327.4738
4859  327.4321
4860  326.5392
4861  321.4427
4862  315.4537
4863  317.0036
4864  328.5542
4865  341.7018
4866  344.4280
4867  335.9685
4868  329.0865
4869  330.6605
4870  334.1432
4871  333.5822
4872  331.5847
4873  334.7016
4874  344.7138
4875  300.0000
4876  306.2733
4877  305.4925
4878  297.8946
4879  291.8342
4880  288.9305
4881  284.1742
4882  278.0994
4883  276.9102
4884  285.0149
4885  300.8523
4886  319.1539
4887  333.0356
4888  335.0536
4889  325.4322
4890  311.4647
4891  294.1269
4892  270.9105
4893  247.9364
4894  236.3407
4895  240.5432
4896  255.9949
4897  275.5758
4898  292.1424
4899  301.0950
4900  300.0000
4901  304.6516
4902  300.1362
4903  283.2900
4904  266.4298
4905  262.3907
4906  271.6393
4907  285.4463
4908  295.6628
4909  300.2288
4910  304.3176
4911  314.3050
4912  324.2904
4913  321.2672
4914  306.3490
4915  294.2407
4916  294.3225
4917  301.9258
4918  305.3836
4919  298.0901
4920  284.8957
4921  277.1596
4922  279.9724
4923  282.7399
4924  271.9178
4925  300.0000
4926  283.0807
4927  279.4762
4928  288.3747
4929  297.8070
4930  295.8741
4931  284.0629
4932  278.0167
4933  288.4884
4934  303.4806
4935  304.6766
4936  293.1807
4937  284.3105
4938  288.0009
4939  299.1198
4940  301.7086
4941  286.5728
4942  265.7747
4943  261.7018
4944  280.9247
4945  305.6132
4946  316.5746
4947  315.3548
4948  317.5016
4949  333.2787
4950  300.0000
4951  309.8934
4952  302.1203
4953  284.3531
4954  275.8587
4955  286.5108
4956  303.2913
4957  306.5700
4958  295.1072
4959  285.9375
4960  294.1221
4961  313.4115
4962  321.5267
4963  309.0759
4964  291.5605
4965  287.7872
4966  296.4042
4967  297.7335
4968  277.7432
4969  246.3372
4970  229.5159
4971  243.0999
4972  273.2990
4973  291.9884
4974  292.5079
4975  300.0000
4976  314.8685
4977  334.7673
4978  337.3321
4979  310.5834
4980  269.3013
4981  243.4596
4982  247.8662
4983  265.1171
4984  268.9490
4985  260.8532
4986  264.4265
4987  289.6449
4988  320.3120
4989  332.2929
4990  319.3674
4991  300.4770
4992  299.0006
4993  314.7507
4994  321.8515
4995  301.2171
4996  267.8489
4997  251.1330
4998  258.7157
4999  273.4089
5000  300.0000
