#  MO coefficient (i_MO, j_AO, M_ij)    
MO:1   -9.79375
1    1    -0.39929 
1    2    -0.02657 
1    3    -0.00183 
1    4    -0.00317 
1    5    0.00000 
1    6    0.40154 
1    7    0.02669 
1    8    -0.00180 
1    9    0.00319 
1    10    0.00000 
1    11    -0.40506 
1    12    -0.02689 
1    13    0.00369 
1    14    -0.00003 
1    15    0.00000 
1    16    0.40754 
1    17    0.02703 
1    18    -0.00186 
1    19    -0.00320 
1    20    0.00000 
1    21    -0.40748 
1    22    -0.02700 
1    23    -0.00188 
1    24    0.00318 
1    25    -0.00000 
1    26    0.40153 
1    27    0.02671 
1    28    0.00367 
1    29    0.00004 
1    30    -0.00000 
1    31    0.00394 
1    32    -0.00396 
1    33    0.00399 
1    34    -0.00401 
1    35    0.00401 
1    36    -0.00396 
MO:2   -9.79333
2    1    -0.31355 
2    2    -0.01728 
2    3    -0.00486 
2    4    0.00105 
2    5    -0.00000 
2    6    0.57167 
2    7    0.03147 
2    8    -0.00163 
2    9    0.00224 
2    10    0.00000 
2    11    -0.26163 
2    12    -0.01440 
2    13    0.00126 
2    14    0.00505 
2    15    -0.00000 
2    16    -0.30910 
2    17    -0.01699 
2    18    0.00488 
2    19    -0.00110 
2    20    0.00000 
2    21    0.57066 
2    22    0.03131 
2    23    0.00163 
2    24    -0.00219 
2    25    0.00000 
2    26    -0.25460 
2    27    -0.01402 
2    28    -0.00123 
2    29    -0.00507 
2    30    0.00000 
2    31    0.00298 
2    32    -0.00543 
2    33    0.00248 
2    34    0.00293 
2    35    -0.00541 
2    36    0.00242 
MO:3   -9.79333
3    1    -0.47984 
3    2    -0.02644 
3    3    0.00151 
3    4    -0.00355 
3    5    0.00000 
3    6    -0.02660 
3    7    -0.00148 
3    8    -0.00484 
3    9    -0.00294 
3    10    -0.00000 
3    11    0.50778 
3    12    0.02788 
3    13    -0.00242 
3    14    0.00258 
3    15    -0.00000 
3    16    -0.47780 
3    17    -0.02621 
3    18    -0.00155 
3    19    0.00352 
3    20    -0.00000 
3    21    -0.03496 
3    22    -0.00191 
3    23    0.00483 
3    24    0.00298 
3    25    -0.00000 
3    26    0.51114 
3    27    0.02815 
3    28    0.00247 
3    29    -0.00255 
3    30    0.00000 
3    31    0.00456 
3    32    0.00025 
3    33    -0.00482 
3    34    0.00453 
3    35    0.00033 
3    36    -0.00485 
MO:4   -9.79256
4    1    0.28740 
4    2    0.01023 
4    3    -0.00439 
4    4    0.00202 
4    5    -0.00000 
4    6    0.57189 
4    7    0.02030 
4    8    0.00049 
4    9    -0.00077 
4    10    0.00000 
4    11    0.28129 
4    12    0.00995 
4    13    0.00046 
4    14    0.00481 
4    15    -0.00000 
4    16    -0.28892 
4    17    -0.01022 
4    18    -0.00436 
4    19    0.00197 
4    20    -0.00000 
4    21    -0.57148 
4    22    -0.02019 
4    23    0.00047 
4    24    -0.00081 
4    25    0.00000 
4    26    -0.28902 
4    27    -0.01029 
4    28    0.00045 
4    29    0.00480 
4    30    -0.00000 
4    31    -0.00258 
4    32    -0.00514 
4    33    -0.00253 
4    34    0.00260 
4    35    0.00513 
4    36    0.00260 
MO:5   -9.79255
5    1    -0.49367 
5    2    -0.01752 
5    3    -0.00202 
5    4    0.00207 
5    5    -0.00000 
5    6    0.00413 
5    7    0.00014 
5    8    -0.00479 
5    9    -0.00278 
5    10    0.00000 
5    11    0.49819 
5    12    0.01764 
5    13    0.00081 
5    14    -0.00275 
5    15    0.00000 
5    16    0.49564 
5    17    0.01753 
5    18    -0.00200 
5    19    0.00209 
5    20    -0.00000 
5    21    0.00073 
5    22    0.00002 
5    23    -0.00479 
5    24    -0.00276 
5    25    0.00000 
5    26    -0.49478 
5    27    -0.01755 
5    28    0.00079 
5    29    -0.00276 
5    30    0.00000 
5    31    0.00443 
5    32    -0.00004 
5    33    -0.00448 
5    34    -0.00445 
5    35    -0.00001 
5    36    0.00444 
MO:6   -9.79202
6    1    0.40831 
6    2    0.01080 
6    3    -0.00106 
6    4    -0.00184 
6    5    0.00000 
6    6    0.40644 
6    7    0.01072 
6    8    0.00108 
6    9    -0.00183 
6    10    0.00000 
6    11    0.40415 
6    12    0.01065 
6    13    0.00212 
6    14    0.00002 
6    15    0.00000 
6    16    0.40245 
6    17    0.01061 
6    18    0.00104 
6    19    0.00184 
6    20    -0.00000 
6    21    0.40190 
6    22    0.01055 
6    23    -0.00104 
6    24    0.00185 
6    25    -0.00000 
6    26    0.40665 
6    27    0.01075 
6    28    -0.00212 
6    29    0.00004 
6    30    -0.00000 
6    31    -0.00377 
6    32    -0.00376 
6    33    -0.00374 
6    34    -0.00372 
6    35    -0.00371 
6    36    -0.00376 
MO:7   -0.74446
7    1    -0.10568 
7    2    0.26426 
7    3    0.03202 
7    4    0.05552 
7    5    -0.00003 
7    6    -0.10568 
7    7    0.26426 
7    8    -0.03201 
7    9    0.05552 
7    10    0.00001 
7    11    -0.10563 
7    12    0.26415 
7    13    -0.06408 
7    14    -0.00010 
7    15    -0.00005 
7    16    -0.10561 
7    17    0.26411 
7    18    -0.03210 
7    19    -0.05545 
7    20    0.00004 
7    21    -0.10566 
7    22    0.26420 
7    23    0.03205 
7    24    -0.05550 
7    25    0.00007 
7    26    -0.10568 
7    27    0.26425 
7    28    0.06409 
7    29    -0.00004 
7    30    -0.00002 
7    31    0.04692 
7    32    0.04692 
7    33    0.04689 
7    34    0.04688 
7    35    0.04690 
7    36    0.04692 
MO:8   -0.64579
8    1    -0.03762 
8    2    0.10080 
8    3    0.11160 
8    4    -0.05800 
8    5    0.00004 
8    6    -0.14306 
8    7    0.38326 
8    8    0.01915 
8    9    0.03555 
8    10    0.00007 
8    11    -0.10540 
8    12    0.28237 
8    13    -0.01566 
8    14    -0.09153 
8    15    0.00002 
8    16    0.03774 
8    17    -0.10109 
8    18    0.11163 
8    19    -0.05796 
8    20    0.00007 
8    21    0.14302 
8    22    -0.38316 
8    23    0.01897 
8    24    0.03547 
8    25    -0.00004 
8    26    0.10534 
8    27    -0.28222 
8    28    -0.01562 
8    29    -0.09136 
8    30    0.00008 
8    31    0.02724 
8    32    0.10354 
8    33    0.07628 
8    34    -0.02729 
8    35    -0.10349 
8    36    -0.07626 
MO:9   -0.64575
9    1    0.14342 
9    2    -0.38423 
9    3    0.01806 
9    4    -0.03495 
9    5    0.00003 
9    6    0.03899 
9    7    -0.10448 
9    8    0.11144 
9    9    0.05768 
9    10    -0.00002 
9    11    -0.10430 
9    12    0.27947 
9    13    -0.01546 
9    14    0.09218 
9    15    -0.00008 
9    16    -0.14341 
9    17    0.38425 
9    18    0.01782 
9    19    -0.03485 
9    20    0.00006 
9    21    -0.03917 
9    22    0.10493 
9    23    0.11150 
9    24    0.05764 
9    25    -0.00001 
9    26    0.10435 
9    27    -0.27956 
9    28    -0.01545 
9    29    0.09241 
9    30    -0.00004 
9    31    -0.10383 
9    32    -0.02824 
9    33    0.07551 
9    34    0.10382 
9    35    0.02833 
9    36    -0.07555 
MO:10   -0.51500
10    1    -0.11071 
10    2    0.32534 
10    3    0.02132 
10    4    -0.10711 
10    5    0.00005 
10    6    0.02394 
10    7    -0.07031 
10    8    -0.20496 
10    9    -0.09785 
10    10    -0.00003 
10    11    0.08670 
10    12    -0.25478 
10    13    -0.06426 
10    14    0.15442 
10    15    -0.00010 
10    16    -0.11071 
10    17    0.32534 
10    18    -0.02123 
10    19    0.10700 
10    20    -0.00005 
10    21    0.02400 
10    22    -0.07055 
10    23    0.20502 
10    24    0.09777 
10    25    -0.00003 
10    26    0.08675 
10    27    -0.25495 
10    28    0.06436 
10    29    -0.15448 
10    30    0.00013 
10    31    0.16359 
10    32    -0.03531 
10    33    -0.12808 
10    34    0.16354 
10    35    -0.03551 
10    36    -0.12822 
MO:11   -0.51496
11    1    0.03619 
11    2    -0.10635 
11    3    0.20386 
11    4    -0.08670 
11    5    0.00006 
11    6    -0.11397 
11    7    0.33494 
11    8    0.00093 
11    9    -0.09710 
11    10    0.00012 
11    11    0.07780 
11    12    -0.22869 
11    13    -0.05775 
11    14    -0.17226 
11    15    0.00007 
11    16    0.03628 
11    17    -0.10665 
11    18    -0.20391 
11    19    0.08658 
11    20    -0.00016 
11    21    -0.11398 
11    22    0.33495 
11    23    -0.00109 
11    24    0.09693 
11    25    -0.00008 
11    26    0.07771 
11    27    -0.22836 
11    28    0.05767 
11    29    0.17228 
11    30    -0.00011 
11    31    -0.05348 
11    32    0.16844 
11    33    -0.11502 
11    34    -0.05370 
11    35    0.16838 
11    36    -0.11485 
MO:12   -0.44466
12    1    0.01052 
12    2    -0.04444 
12    3    0.11956 
12    4    0.20726 
12    5    -0.00012 
12    6    0.01054 
12    7    -0.04452 
12    8    -0.11959 
12    9    0.20726 
12    10    -0.00020 
12    11    0.01052 
12    12    -0.04444 
12    13    -0.23917 
12    14    0.00001 
12    15    -0.00015 
12    16    0.01055 
12    17    -0.04453 
12    18    -0.11958 
12    19    -0.20712 
12    20    0.00005 
12    21    0.01055 
12    22    -0.04454 
12    23    0.11963 
12    24    -0.20714 
12    25    0.00018 
12    26    0.01052 
12    27    -0.04444 
12    28    0.23926 
12    29    -0.00010 
12    30    0.00002 
12    31    -0.16801 
12    32    -0.16805 
12    33    -0.16794 
12    34    -0.16798 
12    35    -0.16799 
12    36    -0.16801 
MO:13   -0.38824
13    1    -0.06764 
13    2    0.23065 
13    3    -0.08031 
13    4    -0.13889 
13    5    0.00003 
13    6    0.06766 
13    7    -0.23069 
13    8    -0.07994 
13    9    0.13877 
13    10    -0.00017 
13    11    -0.06764 
13    12    0.23066 
13    13    0.16042 
13    14    -0.00002 
13    15    0.00008 
13    16    0.06764 
13    17    -0.23064 
13    18    -0.08039 
13    19    -0.13879 
13    20    -0.00001 
13    21    -0.06766 
13    22    0.23071 
13    23    -0.08002 
13    24    0.13874 
13    25    -0.00020 
13    26    0.06764 
13    27    -0.23065 
13    28    0.16039 
13    29    -0.00009 
13    30    -0.00003 
13    31    0.22954 
13    32    -0.22931 
13    33    0.22952 
13    34    -0.22949 
13    35    0.22932 
13    36    -0.22949 
MO:14   -0.36283
14    1    -0.00005 
14    2    0.00019 
14    3    0.28781 
14    4    -0.16565 
14    5    0.00004 
14    6    0.00003 
14    7    -0.00008 
14    8    -0.28784 
14    9    -0.16593 
14    10    -0.00003 
14    11    -0.00000 
14    12    0.00010 
14    13    0.00047 
14    14    0.33204 
14    15    -0.00014 
14    16    0.00006 
14    17    -0.00014 
14    18    0.28777 
14    19    -0.16572 
14    20    0.00029 
14    21    0.00000 
14    22    0.00002 
14    23    -0.28774 
14    24    -0.16613 
14    25    0.00010 
14    26    -0.00001 
14    27    0.00004 
14    28    0.00051 
14    29    0.33206 
14    30    -0.00026 
14    31    -0.00026 
14    32    -0.00012 
14    33    0.00047 
14    34    0.00034 
14    35    0.00008 
14    36    -0.00036 
MO:15   -0.34754
15    1    -0.00211 
15    2    0.00663 
15    3    0.09401 
15    4    -0.02370 
15    5    -0.00007 
15    6    -0.02594 
15    7    0.08088 
15    8    -0.13233 
15    9    0.31074 
15    10    -0.00034 
15    11    -0.02391 
15    12    0.07456 
15    13    -0.30837 
15    14    -0.05233 
15    15    -0.00030 
15    16    0.00210 
15    17    -0.00651 
15    18    0.09425 
15    19    -0.02325 
15    20    -0.00008 
15    21    0.02593 
15    22    -0.08088 
15    23    -0.13253 
15    24    0.31037 
15    25    -0.00039 
15    26    0.02393 
15    27    -0.07466 
15    28    -0.30810 
15    29    -0.05203 
15    30    -0.00005 
15    31    -0.01987 
15    32    -0.25301 
15    33    -0.23262 
15    34    0.02035 
15    35    0.25282 
15    36    0.23235 
MO:16   -0.34753
16    1    -0.02881 
16    2    0.08986 
16    3    0.17935 
16    4    0.32532 
16    5    -0.00018 
16    6    -0.01258 
16    7    0.03928 
16    8    -0.15344 
16    9    0.09881 
16    10    -0.00008 
16    11    0.01619 
16    12    -0.05053 
16    13    0.20880 
16    14    -0.07763 
16    15    0.00022 
16    16    0.02880 
16    17    -0.08986 
16    18    0.17968 
16    19    0.32516 
16    20    -0.00006 
16    21    0.01257 
16    22    -0.03916 
16    23    -0.15385 
16    24    0.09920 
16    25    -0.00012 
16    26    -0.01617 
16    27    0.05042 
16    28    0.20914 
16    29    -0.07784 
16    30    0.00004 
16    31    -0.28018 
16    32    -0.12242 
16    33    0.15753 
16    34    0.28021 
16    35    0.12293 
16    36    -0.15785 
MO:17   -0.28697
17    1    -0.00001 
17    2    0.00004 
17    3    0.00009 
17    4    0.00012 
17    5    0.33435 
17    6    0.00004 
17    7    -0.00017 
17    8    -0.00023 
17    9    0.00034 
17    10    0.33435 
17    11    -0.00004 
17    12    0.00013 
17    13    -0.00029 
17    14    0.00012 
17    15    0.33423 
17    16    0.00002 
17    17    -0.00010 
17    18    -0.00022 
17    19    0.00017 
17    20    0.33419 
17    21    0.00001 
17    22    -0.00003 
17    23    -0.00007 
17    24    0.00039 
17    25    0.33429 
17    26    0.00001 
17    27    -0.00003 
17    28    -0.00016 
17    29    0.00025 
17    30    0.33434 
17    31    0.00003 
17    32    -0.00015 
17    33    -0.00003 
17    34    -0.00005 
17    35    0.00008 
17    36    0.00010 
MO:18   -0.27306
18    1    0.00675 
18    2    -0.01204 
18    3    -0.25623 
18    4    -0.13171 
18    5    0.00012 
18    6    -0.00026 
18    7    0.00035 
18    8    0.28414 
18    9    0.17563 
18    10    -0.00000 
18    11    -0.00642 
18    12    0.01134 
18    13    -0.23153 
18    14    -0.17784 
18    15    -0.00012 
18    16    0.00672 
18    17    -0.01192 
18    18    0.25600 
18    19    0.13152 
18    20    0.00012 
18    21    -0.00033 
18    22    0.00070 
18    23    -0.28382 
18    24    -0.17619 
18    25    0.00019 
18    26    -0.00646 
18    27    0.01153 
18    28    0.23186 
18    29    0.17795 
18    30    -0.00007 
18    31    0.27053 
18    32    -0.01138 
18    33    -0.25875 
18    34    0.27034 
18    35    -0.01177 
18    36    -0.25898 
MO:19   -0.27299
19    1    -0.00352 
19    2    0.00616 
19    3    -0.19212 
19    4    0.25815 
19    5    0.00003 
19    6    0.00762 
19    7    -0.01356 
19    8    0.14772 
19    9    -0.23053 
19    10    0.00034 
19    11    -0.00409 
19    12    0.00742 
19    13    -0.14595 
19    14    0.28293 
19    15    -0.00018 
19    16    -0.00358 
19    17    0.00649 
19    18    0.19193 
19    19    -0.25869 
19    20    0.00022 
19    21    0.00761 
19    22    -0.01352 
19    23    -0.14768 
19    24    0.23053 
19    25    -0.00032 
19    26    -0.00403 
19    27    0.00709 
19    28    0.14545 
19    29    -0.28280 
19    30    0.00024 
19    31    -0.14258 
19    32    0.30562 
19    33    -0.16299 
19    34    -0.14296 
19    35    0.30562 
19    36    -0.16265 
MO:20   -0.18122
20    1    0.00000 
20    2    -0.00001 
20    3    0.00005 
20    4    0.00001 
20    5    0.17274 
20    6    0.00006 
20    7    -0.00028 
20    8    -0.00021 
20    9    0.00039 
20    10    0.52190 
20    11    -0.00002 
20    12    0.00007 
20    13    -0.00027 
20    14    0.00006 
20    15    0.34911 
20    16    -0.00001 
20    17    0.00006 
20    18    0.00009 
20    19    -0.00004 
20    20    -0.17314 
20    21    -0.00001 
20    22    0.00002 
20    23    0.00009 
20    24    -0.00054 
20    25    -0.52183 
20    26    0.00002 
20    27    -0.00007 
20    28    -0.00002 
20    29    -0.00015 
20    30    -0.34883 
20    31    0.00006 
20    32    0.00001 
20    33    -0.00004 
20    34    0.00010 
20    35    -0.00009 
20    36    0.00007 
MO:21   -0.18117
21    1    -0.00001 
21    2    0.00006 
21    3    0.00011 
21    4    0.00022 
21    5    0.50281 
21    6    0.00002 
21    7    -0.00007 
21    8    -0.00010 
21    9    0.00007 
21    10    0.10136 
21    11    0.00003 
21    12    -0.00010 
21    13    0.00033 
21    14    -0.00021 
21    15    -0.40108 
21    16    -0.00002 
21    17    0.00008 
21    18    0.00027 
21    19    -0.00025 
21    20    -0.50279 
21    21    -0.00000 
21    22    0.00002 
21    23    0.00002 
21    24    -0.00013 
21    25    -0.10189 
21    26    -0.00002 
21    27    0.00010 
21    28    0.00000 
21    29    0.00037 
21    30    0.40123 
21    31    -0.00000 
21    32    -0.00005 
21    33    0.00008 
21    34    -0.00000 
21    35    -0.00005 
21    36    -0.00001 
MO:22   0.04096
22    1    -0.00002 
22    2    0.00010 
22    3    0.00004 
22    4    0.00031 
22    5    0.61327 
22    6    -0.00002 
22    7    0.00012 
22    8    0.00009 
22    9    -0.00003 
22    10    -0.09945 
22    11    0.00003 
22    12    -0.00014 
22    13    0.00037 
22    14    -0.00016 
22    15    -0.51338 
22    16    0.00002 
22    17    -0.00014 
22    18    -0.00033 
22    19    0.00030 
22    20    0.61325 
22    21    -0.00003 
22    22    0.00013 
22    23    0.00006 
22    24    -0.00015 
22    25    -0.10008 
22    26    0.00004 
22    27    -0.00020 
22    28    -0.00000 
22    29    -0.00043 
22    30    -0.51354 
22    31    -0.00007 
22    32    -0.00010 
22    33    0.00004 
22    34    0.00005 
22    35    -0.00003 
22    36    0.00011 
MO:23   0.04102
23    1    -0.00004 
23    2    0.00020 
23    3    0.00011 
23    4    -0.00005 
23    5    -0.23863 
23    6    0.00010 
23    7    -0.00051 
23    8    -0.00027 
23    9    0.00048 
23    10    0.65055 
23    11    -0.00001 
23    12    0.00002 
23    13    0.00023 
23    14    -0.00030 
23    15    -0.41189 
23    16    -0.00003 
23    17    0.00015 
23    18    0.00010 
23    19    -0.00013 
23    20    -0.23913 
23    21    0.00001 
23    22    -0.00008 
23    23    -0.00018 
23    24    0.00062 
23    25    0.65050 
23    26    0.00002 
23    27    -0.00010 
23    28    0.00001 
23    29    -0.00021 
23    30    -0.41153 
23    31    -0.00005 
23    32    0.00026 
23    33    -0.00001 
23    34    -0.00015 
23    35    -0.00003 
23    36    0.00002 
MO:24   0.18971
24    1    -0.00000 
24    2    0.00003 
24    3    -0.00030 
24    4    0.00027 
24    5    0.52228 
24    6    -0.00012 
24    7    0.00069 
24    8    0.00026 
24    9    -0.00054 
24    10    -0.52227 
24    11    0.00000 
24    12    0.00001 
24    13    -0.00022 
24    14    0.00037 
24    15    0.52210 
24    16    -0.00007 
24    17    0.00038 
24    18    0.00024 
24    19    -0.00011 
24    20    -0.52203 
24    21    -0.00000 
24    22    0.00000 
24    23    -0.00033 
24    24    0.00052 
24    25    0.52218 
24    26    -0.00001 
24    27    0.00002 
24    28    -0.00005 
24    29    -0.00031 
24    30    -0.52226 
24    31    -0.00017 
24    32    -0.00052 
24    33    -0.00008 
24    34    -0.00037 
24    35    -0.00022 
24    36    -0.00019 
MO:25   0.26856
25    1    0.05341 
25    2    -0.32715 
25    3    0.15370 
25    4    0.26646 
25    5    0.00015 
25    6    0.05334 
25    7    -0.32668 
25    8    -0.15390 
25    9    0.26666 
25    10    -0.00066 
25    11    0.05344 
25    12    -0.32732 
25    13    -0.30788 
25    14    -0.00012 
25    15    0.00009 
25    16    0.05341 
25    17    -0.32712 
25    18    -0.15398 
25    19    -0.26679 
25    20    -0.00025 
25    21    0.05340 
25    22    -0.32704 
25    23    0.15419 
25    24    -0.26695 
25    25    0.00055 
25    26    0.05339 
25    27    -0.32705 
25    28    0.30776 
25    29    -0.00023 
25    30    -0.00019 
25    31    0.50717 
25    32    0.50717 
25    33    0.50751 
25    34    0.50757 
25    35    0.50773 
25    36    0.50727 
MO:26   0.32241
26    1    -0.01581 
26    2    0.10004 
26    3    0.09625 
26    4    -0.35214 
26    5    0.00008 
26    6    -0.03325 
26    7    0.21051 
26    8    0.28476 
26    9    -0.47024 
26    10    0.00061 
26    11    -0.01744 
26    12    0.11060 
26    13    0.29293 
26    14    -0.24935 
26    15    0.00028 
26    16    0.01525 
26    17    -0.09676 
26    18    0.09628 
26    19    -0.35317 
26    20    0.00013 
26    21    0.03331 
26    22    -0.21086 
26    23    0.28359 
26    24    -0.47082 
26    25    0.00059 
26    26    0.01783 
26    27    -0.11283 
26    28    0.29152 
26    29    -0.24839 
26    30    0.00017 
26    31    -0.30787 
26    32    -0.65693 
26    33    -0.34920 
26    34    0.30687 
26    35    0.65695 
26    36    0.34912 
MO:27   0.32252
27    1    0.02932 
27    2    -0.18573 
27    3    0.36272 
27    4    0.35227 
27    5    -0.00016 
27    6    0.00153 
27    7    -0.00954 
27    8    0.24410 
27    9    0.16371 
27    10    -0.00007 
27    11    -0.02839 
27    12    0.17966 
27    13    0.46552 
27    14    0.15547 
27    15    0.00025 
27    16    -0.02950 
27    17    0.18676 
27    18    0.36123 
27    19    0.35235 
27    20    0.00003 
27    21    -0.00094 
27    22    0.00604 
27    23    0.24379 
27    24    0.16460 
27    25    -0.00013 
27    26    0.02808 
27    27    -0.17786 
27    28    0.46630 
27    29    0.15664 
27    30    -0.00007 
27    31    0.58098 
27    32    0.02472 
27    33    -0.55700 
27    34    -0.58087 
27    35    -0.02365 
27    36    0.55683 
MO:28   0.37927
28    1    0.11902 
28    2    -0.72689 
28    3    0.03856 
28    4    0.06744 
28    5    -0.00014 
28    6    -0.11941 
28    7    0.72931 
28    8    0.03997 
28    9    -0.06636 
28    10    0.00052 
28    11    0.12024 
28    12    -0.73451 
28    13    -0.07762 
28    14    -0.00217 
28    15    -0.00017 
28    16    -0.12070 
28    17    0.73740 
28    18    0.03928 
28    19    0.06734 
28    20    0.00021 
28    21    0.12019 
28    22    -0.73419 
28    23    0.03727 
28    24    -0.06793 
28    25    -0.00005 
28    26    -0.11940 
28    27    0.72927 
28    28    -0.07772 
28    29    0.00200 
28    30    -0.00006 
28    31    0.45006 
28    32    -0.45099 
28    33    0.45367 
28    34    -0.45534 
28    35    0.45330 
28    36    -0.45126 
MO:29   0.39383
29    1    -0.16282 
29    2    1.02856 
29    3    -0.01981 
29    4    -0.00800 
29    5    -0.00000 
29    6    0.07731 
29    7    -0.48839 
29    8    0.31222 
29    9    0.19082 
29    10    -0.00031 
29    11    0.08520 
29    12    -0.53834 
29    13    -0.00906 
29    14    -0.35291 
29    15    0.00030 
29    16    -0.16168 
29    17    1.02149 
29    18    0.02037 
29    19    0.00697 
29    20    0.00021 
29    21    0.07579 
29    22    -0.47885 
29    23    -0.31344 
29    24    -0.18854 
29    25    -0.00008 
29    26    0.08621 
29    27    -0.54451 
29    28    0.00844 
29    29    0.35202 
29    30    -0.00008 
29    31    -0.50354 
29    32    0.24022 
29    33    0.26354 
29    34    -0.49931 
29    35    0.23297 
29    36    0.26618 
MO:30   0.39389
30    1    0.00542 
30    2    -0.03427 
30    3    -0.35802 
30    4    0.20858 
30    5    -0.00035 
30    6    -0.14307 
30    7    0.90388 
30    8    0.17652 
30    9    0.08486 
30    10    0.00055 
30    11    0.13782 
30    12    -0.87071 
30    13    -0.01354 
30    14    0.21822 
30    15    -0.00011 
30    16    0.00512 
30    17    -0.03233 
30    18    0.35958 
30    19    -0.20743 
30    20    0.00025 
30    21    -0.14323 
30    22    0.90489 
30    23    -0.17716 
30    24    -0.08454 
30    25    0.00007 
30    26    0.13790 
30    27    -0.87128 
30    28    0.01479 
30    29    -0.21934 
30    30    0.00038 
30    31    0.01771 
30    32    -0.44224 
30    33    0.42543 
30    34    0.01511 
30    35    -0.44321 
30    36    0.42688 
MO:31   0.50921
31    1    0.03853 
31    2    -0.26906 
31    3    -0.30469 
31    4    -0.69506 
31    5    0.00035 
31    6    -0.00754 
31    7    0.05260 
31    8    -0.28047 
31    9    -0.01742 
31    10    -0.00004 
31    11    -0.03301 
31    12    0.23040 
31    13    -0.62685 
31    14    0.16712 
31    15    -0.00054 
31    16    0.03936 
31    17    -0.27480 
31    18    0.29117 
31    19    0.70209 
31    20    -0.00025 
31    21    -0.00557 
31    22    0.03892 
31    23    0.28022 
31    24    0.01422 
31    25    0.00003 
31    26    -0.03179 
31    27    0.22202 
31    28    0.62799 
31    29    -0.15367 
31    30    0.00011 
31    31    -0.47524 
31    32    0.07592 
31    33    0.39245 
31    34    -0.47257 
31    35    0.08292 
31    36    0.39642 
MO:32   0.50929
32    1    -0.01578 
32    2    0.11012 
32    3    0.35297 
32    4    0.12910 
32    5    -0.00012 
32    6    0.04122 
32    7    -0.28787 
32    8    0.37100 
32    9    -0.70685 
32    10    0.00054 
32    11    -0.02553 
32    12    0.17836 
32    13    -0.50924 
32    14    -0.19323 
32    15    -0.00030 
32    16    -0.01411 
32    17    0.09858 
32    18    -0.34799 
32    19    -0.13441 
32    20    -0.00002 
32    21    0.04138 
32    22    -0.28896 
32    23    -0.35746 
32    24    0.71427 
32    25    -0.00077 
32    26    -0.02710 
32    27    0.18918 
32    28    0.50768 
32    29    0.20184 
32    30    -0.00010 
32    31    0.17901 
32    32    -0.50128 
32    33    0.32195 
32    34    0.18479 
32    35    -0.50051 
32    36    0.31689 
MO:33   0.52599
33    1    0.03269 
33    2    -0.23013 
33    3    0.69813 
33    4    -0.39139 
33    5    0.00034 
33    6    0.09399 
33    7    -0.66171 
33    8    0.10186 
33    9    0.12362 
33    10    -0.00045 
33    11    0.06151 
33    12    -0.43294 
33    13    -0.04115 
33    14    -0.64418 
33    15    0.00051 
33    16    -0.03142 
33    17    0.22112 
33    18    0.70506 
33    19    -0.37675 
33    20    0.00052 
33    21    -0.09420 
33    22    0.66323 
33    23    0.11025 
33    24    0.12344 
33    25    0.00007 
33    26    -0.06255 
33    27    0.44040 
33    28    -0.02930 
33    29    -0.64786 
33    30    0.00030 
33    31    0.08813 
33    32    0.27350 
33    33    0.18221 
33    34    -0.09711 
33    35    -0.27069 
33    36    -0.17602 
MO:34   0.52614
34    1    -0.08999 
34    2    0.63359 
34    3    0.21712 
34    4    -0.18700 
34    5    0.00008 
34    6    -0.01787 
34    7    0.12587 
34    8    0.72487 
34    9    0.41563 
34    10    0.00004 
34    11    0.07326 
34    12    -0.51582 
34    13    -0.03612 
34    14    0.55242 
34    15    -0.00012 
34    16    0.09024 
34    17    -0.63538 
34    18    0.22429 
34    19    -0.18599 
34    20    0.00007 
34    21    0.01679 
34    22    -0.11819 
34    23    0.73115 
34    24    0.40202 
34    25    -0.00013 
34    26    -0.07244 
34    27    0.51004 
34    28    -0.04686 
34    29    0.54851 
34    30    -0.00050 
34    31    -0.26156 
34    32    -0.04578 
34    33    0.20747 
34    34    0.25878 
34    35    0.05444 
34    36    -0.21349 
MO:35   0.67742
35    1    0.00025 
35    2    -0.00173 
35    3    -0.65687 
35    4    0.37563 
35    5    -0.00011 
35    6    -0.00024 
35    7    0.00164 
35    8    -0.65685 
35    9    -0.37599 
35    10    -0.00005 
35    11    0.00010 
35    12    -0.00047 
35    13    0.00237 
35    14    -0.75594 
35    15    0.00033 
35    16    -0.00016 
35    17    0.00096 
35    18    0.65316 
35    19    -0.37993 
35    20    0.00062 
35    21    0.00028 
35    22    -0.00199 
35    23    0.65368 
35    24    0.38073 
35    25    -0.00022 
35    26    -0.00024 
35    27    0.00168 
35    28    0.00320 
35    29    0.75663 
35    30    -0.00057 
35    31    -0.00141 
35    32    0.00113 
35    33    -0.00131 
35    34    0.00111 
35    35    -0.00111 
35    36    0.00142 
MO:36   0.72749
36    1    0.06549 
36    2    -0.48680 
36    3    -0.33270 
36    4    -0.58243 
36    5    0.00032 
36    6    -0.06553 
36    7    0.48715 
36    8    -0.33240 
36    9    0.58245 
36    10    -0.00033 
36    11    0.06547 
36    12    -0.48660 
36    13    0.67040 
36    14    0.00359 
36    15    0.00045 
36    16    -0.06545 
36    17    0.48642 
36    18    -0.33821 
36    19    -0.57870 
36    20    0.00023 
36    21    0.06552 
36    22    -0.48706 
36    23    -0.33793 
36    24    0.57903 
36    25    -0.00059 
36    26    -0.06550 
36    27    0.48686 
36    28    0.67068 
36    29    -0.00310 
36    30    -0.00001 
36    31    -0.25942 
36    32    0.25922 
36    33    -0.25924 
36    34    0.25920 
36    35    -0.25907 
36    36    0.25936 
