 Overlap between S_i and S_j, <psi_i | Psi_j>
           1           1  0.000000000000000E+000
           1           2  3.018357934314384E-002
           1           3  7.198907378359589E-004
           1           4  2.198354693305130E-003
           1           5 -3.630794989024033E-002
           2           1 -2.571625167934415E-002
           2           2  0.000000000000000E+000
           2           3  2.504861206195440E-004
           2           4 -1.083854445798620E-003
           2           5 -1.961069660287769E-002
           3           1  6.827399821142824E-004
           3           2  2.786069523217447E-004
           3           3  0.000000000000000E+000
           3           4 -9.432313196440167E-003
           3           5  8.247734824178292E-005
           4           1 -2.136297981927258E-003
           4           2  1.007323550500617E-003
           4           3 -9.437115245499117E-003
           4           4  0.000000000000000E+000
           4           5  2.073363606947389E-003
           5           1  5.677229284807152E-003
           5           2  2.654426154684928E-002
           5           3  1.500022782422529E-004
           5           4 -1.863280164379683E-003
           5           5  0.000000000000000E+000
