0  [1.16154874]
1  [1.16154874]
2  [1.16154874]
3  [1.16154874]
4  [1.16154874]
5  [1.16154874]
6  [1.16154874]
7  [1.16154874]
8  [1.16154874]
9  [1.16154874]
10  [1.16154874]
11  [1.16154874]
12  [1.16154874]
13  [1.16154874]
14  [1.16154874]
15  [1.16154874]
16  [1.16154874]
17  [1.16154874]
18  [1.16154874]
19  [1.16154874]
20  [1.16154874]
21  [1.16154874]
22  [1.16154874]
23  [1.16154874]
24  [1.16154874]
25  [1.16154874]
26  [1.16154874]
27  [1.16154874]
28  [1.16154874]
29  [1.16154874]
30  [1.16154874]
31  [1.16154874]
32  [1.16154874]
33  [1.16154874]
34  [1.16154874]
35  [1.16154874]
36  [1.16154874]
37  [1.16154874]
38  [1.16154874]
39  [1.16154874]
40  [1.16154874]
41  [1.16154874]
42  [1.16154874]
43  [1.16154874]
44  [1.16154874]
45  [1.16154874]
46  [1.16154874]
47  [1.16154874]
48  [1.16154874]
49  [1.16154874]
50  [1.16154874]
51  [1.16154874]
52  [1.16154874]
53  [1.16154874]
54  [1.16154874]
55  [1.16154874]
56  [1.16154874]
57  [1.16154874]
58  [1.16154874]
59  [1.16154874]
60  [1.16154874]
61  [1.16154874]
62  [1.16154874]
63  [1.16154874]
64  [1.16154874]
65  [1.16154874]
66  [1.16154874]
67  [1.16154874]
68  [1.16154874]
69  [1.16154874]
70  [1.16154874]
71  [1.16154874]
72  [1.16154874]
73  [1.16154874]
74  [1.16154874]
75  [1.16154874]
76  [1.16154874]
77  [1.16154874]
78  [1.16154874]
79  [1.16154874]
80  [1.16154874]
81  [1.16154874]
82  [1.16154874]
83  [1.16154874]
84  [1.16154874]
85  [1.16154874]
86  [1.16154874]
87  [1.16154874]
88  [1.16154874]
89  [1.16154874]
90  [1.16154874]
91  [1.16154874]
92  [1.16154874]
93  [1.16154874]
94  [1.16154874]
95  [1.16154874]
96  [1.16154874]
97  [1.16154874]
98  [1.16154874]
99  [1.16154874]
100  [1.16154874]
101  [1.16154874]
102  [1.16154874]
103  [1.16154874]
104  [1.16154874]
105  [1.16154874]
106  [1.16154874]
107  [1.16154874]
108  [1.16154874]
109  [1.16154874]
110  [1.16154874]
111  [1.16154874]
112  [1.16154874]
113  [1.16154874]
114  [1.16154874]
115  [1.16154874]
116  [1.16154874]
117  [1.16154874]
118  [1.16154874]
119  [1.16154874]
120  [1.16154874]
121  [1.16154874]
122  [1.16154874]
123  [1.16154874]
124  [1.16154874]
125  [1.16154874]
126  [1.16154874]
127  [1.16154874]
128  [1.16154874]
129  [1.16154874]
130  [1.16154874]
131  [1.16154874]
132  [1.16154874]
133  [1.16154874]
134  [1.16154874]
135  [1.16154874]
136  [1.16154874]
137  [1.16154874]
138  [1.16154874]
139  [1.16154874]
140  [1.16154874]
141  [1.16154874]
142  [1.16154874]
143  [1.16154874]
144  [1.16154874]
145  [1.16154874]
146  [1.16154874]
147  [1.16154874]
148  [1.16154874]
149  [1.16154874]
150  [1.16154874]
151  [1.16154874]
152  [1.16154874]
153  [1.16154874]
154  [1.16154874]
155  [1.16154874]
156  [1.16154874]
157  [1.16154874]
158  [1.16154874]
159  [1.16154874]
160  [1.16154874]
161  [1.16154874]
162  [1.16154874]
163  [1.16154874]
164  [1.16154874]
165  [1.16154874]
166  [1.16154874]
167  [1.16154874]
168  [1.16154874]
169  [1.16154874]
170  [1.16154874]
171  [1.16154874]
172  [1.16154874]
173  [1.16154874]
174  [1.16154874]
175  [1.16154874]
176  [1.16154874]
177  [1.16154874]
178  [1.16154874]
179  [1.16154874]
180  [1.16154874]
181  [1.16154874]
182  [1.16154874]
183  [1.16154874]
184  [1.16154874]
185  [1.16154874]
186  [1.16154874]
187  [1.16154874]
188  [1.16154874]
189  [1.16154874]
190  [1.16154874]
191  [1.16154874]
192  [1.16154874]
193  [1.16154874]
194  [1.16154874]
195  [1.16154874]
196  [1.16154874]
197  [1.16154874]
198  [1.16154874]
199  [1.16154874]
200  [1.16154874]
201  [1.16154874]
202  [1.16154874]
203  [1.16154874]
204  [1.16154874]
205  [1.16154874]
206  [1.16154874]
207  [1.16154874]
208  [1.16154874]
209  [1.16154874]
210  [1.16154874]
211  [1.16154874]
212  [1.16154874]
213  [1.16154874]
214  [1.16154874]
215  [1.16154874]
216  [1.16154874]
217  [1.16154874]
218  [1.16154874]
219  [1.16154874]
220  [1.16154874]
221  [1.16154874]
222  [1.16154874]
223  [1.16154874]
224  [1.16154874]
225  [1.16154874]
226  [1.16154874]
227  [1.16154874]
228  [1.16154874]
229  [1.16154874]
230  [1.16154874]
231  [1.16154874]
232  [1.16154874]
233  [1.16154874]
234  [1.16154874]
235  [1.16154874]
236  [1.16154874]
237  [1.16154874]
238  [1.16154874]
239  [1.16154874]
240  [1.16154874]
241  [1.16154874]
242  [1.16154874]
243  [1.16154874]
244  [1.16154874]
245  [1.16154874]
246  [1.16154874]
247  [1.16154874]
248  [1.16154874]
249  [1.16154874]
250  [1.16154874]
251  [1.16154874]
252  [1.16154874]
253  [1.16154874]
254  [1.16154874]
255  [1.16154874]
256  [1.16154874]
257  [1.16154874]
258  [1.16154874]
259  [1.16154874]
260  [1.16154874]
261  [1.16154874]
262  [1.16154874]
263  [1.16154874]
264  [1.16154874]
265  [1.16154874]
266  [1.16154874]
267  [1.16154874]
268  [1.16154874]
269  [1.16154874]
270  [1.16154874]
271  [1.16154874]
272  [1.16154874]
273  [1.16154874]
274  [1.16154874]
275  [1.16154874]
276  [1.16154874]
277  [1.16154874]
278  [1.16154874]
279  [1.16154874]
280  [1.16154874]
281  [1.16154874]
282  [1.16154874]
283  [1.16154874]
284  [1.16154874]
285  [1.16154874]
286  [1.16154874]
287  [1.16154874]
288  [1.16154874]
289  [1.16154874]
290  [1.16154874]
291  [1.16154874]
292  [1.16154874]
293  [1.16154874]
294  [1.16154874]
295  [1.16154874]
296  [1.16154874]
297  [1.16154874]
298  [1.16154874]
299  [1.16154874]
300  [1.16154874]
301  [1.16154874]
302  [1.16154874]
303  [1.16154874]
304  [1.16154874]
305  [1.16154874]
306  [1.16154874]
307  [1.16154874]
308  [1.16154874]
309  [1.16154874]
310  [1.16154874]
311  [1.16154874]
312  [1.16154874]
313  [1.16154874]
314  [1.16154874]
315  [1.16154874]
316  [1.16154874]
317  [1.16154874]
318  [1.16154874]
319  [1.16154874]
320  [1.16154874]
321  [1.16154874]
322  [1.16154874]
323  [1.16154874]
324  [1.16154874]
325  [1.16154874]
326  [1.16154874]
327  [1.16154874]
328  [1.16154874]
329  [1.16154874]
330  [1.16154874]
331  [1.16154874]
332  [1.16154874]
333  [1.16154874]
334  [1.16154874]
335  [1.16154874]
336  [1.16154874]
337  [1.16154874]
338  [1.16154874]
339  [1.16154874]
340  [1.16154874]
341  [1.16154874]
342  [1.16154874]
343  [1.16154874]
344  [1.16154874]
345  [1.16154874]
346  [1.16154874]
347  [1.16154874]
348  [1.16154874]
349  [1.16154874]
350  [1.16154874]
351  [1.16154874]
352  [1.16154874]
353  [1.16154874]
354  [1.16154874]
355  [1.16154874]
356  [1.16154874]
357  [1.16154874]
358  [1.16154874]
359  [1.16154874]
360  [1.16154874]
361  [1.16154874]
362  [1.16154874]
363  [1.16154874]
364  [1.16154874]
365  [1.16154874]
366  [1.16154874]
367  [1.16154874]
368  [1.16154874]
369  [1.16154874]
370  [1.16154874]
371  [1.16154874]
372  [1.16154874]
373  [1.16154874]
374  [1.16154874]
375  [1.16154874]
376  [1.16154874]
377  [1.16154874]
378  [1.16154874]
379  [1.16154874]
380  [1.16154874]
381  [1.16154874]
382  [1.16154874]
383  [1.16154874]
384  [1.16154874]
385  [1.16154874]
386  [1.16154874]
387  [1.16154874]
388  [1.16154874]
389  [1.16154874]
390  [1.16154874]
391  [1.16154874]
392  [1.16154874]
393  [1.16154874]
394  [1.16154874]
395  [1.16154874]
396  [1.16154874]
397  [1.16154874]
398  [1.16154874]
399  [1.16154874]
400  [1.16154874]
401  [1.16154874]
402  [1.16154874]
403  [1.16154874]
404  [1.16154874]
405  [1.16154874]
406  [1.16154874]
407  [1.16154874]
408  [1.16154874]
409  [1.16154874]
410  [1.16154874]
411  [1.16154874]
412  [1.16154874]
413  [1.16154874]
414  [1.16154874]
415  [1.16154874]
416  [1.16154874]
417  [1.16154874]
418  [1.16154874]
419  [1.16154874]
420  [1.16154874]
421  [1.16154874]
422  [1.16154874]
423  [1.16154874]
424  [1.16154874]
425  [1.16154874]
426  [1.16154874]
427  [1.16154874]
428  [1.16154874]
429  [1.16154874]
430  [1.16154874]
431  [1.16154874]
432  [1.16154874]
433  [1.16154874]
434  [1.16154874]
435  [1.16154874]
436  [1.16154874]
437  [1.16154874]
438  [1.16154874]
439  [1.16154874]
440  [1.16154874]
441  [1.16154874]
442  [1.16154874]
443  [1.16154874]
444  [1.16154874]
445  [1.16154874]
446  [1.16154874]
447  [1.16154874]
448  [1.16154874]
449  [1.16154874]
450  [1.16154874]
451  [1.16154874]
452  [1.16154874]
453  [1.16154874]
454  [1.16154874]
455  [1.16154874]
456  [1.16154874]
457  [1.16154874]
458  [1.16154874]
459  [1.16154874]
460  [1.16154874]
461  [1.16154874]
462  [1.16154874]
463  [1.16154874]
464  [1.16154874]
465  [1.16154874]
466  [1.16154874]
467  [1.16154874]
468  [1.16154874]
469  [1.16154874]
470  [1.16154874]
471  [1.16154874]
472  [1.16154874]
473  [1.16154874]
474  [1.16154874]
475  [1.16154874]
476  [1.16154874]
477  [1.16154874]
478  [1.16154874]
479  [1.16154874]
480  [1.16154874]
481  [1.16154874]
482  [1.16154874]
483  [1.16154874]
484  [1.16154874]
485  [1.16154874]
486  [1.16154874]
487  [1.16154874]
488  [1.16154874]
489  [1.16154874]
490  [1.16154874]
491  [1.16154874]
492  [1.16154874]
493  [1.16154874]
494  [1.16154874]
495  [1.16154874]
496  [1.16154874]
497  [1.16154874]
498  [1.16154874]
499  [1.16154874]
500  [1.16154874]
501  [1.16154874]
502  [1.16154874]
503  [1.16154874]
504  [1.16154874]
505  [1.16154874]
506  [1.16154874]
507  [1.16154874]
508  [1.16154874]
509  [1.16154874]
510  [1.16154874]
511  [1.16154874]
512  [1.16154874]
513  [1.16154874]
514  [1.16154874]
515  [1.16154874]
516  [1.16154874]
517  [1.16154874]
518  [1.16154874]
519  [1.16154874]
520  [1.16154874]
521  [1.16154874]
522  [1.16154874]
523  [1.16154874]
524  [1.16154874]
525  [1.16154874]
526  [1.16154874]
527  [1.16154874]
528  [1.16154874]
529  [1.16154874]
530  [1.16154874]
531  [1.16154874]
532  [1.16154874]
533  [1.16154874]
534  [1.16154874]
535  [1.16154874]
536  [1.16154874]
537  [1.16154874]
538  [1.16154874]
539  [1.16154874]
540  [1.16154874]
541  [1.16154874]
542  [1.16154874]
543  [1.16154874]
544  [1.16154874]
545  [1.16154874]
546  [1.16154874]
547  [1.16154874]
548  [1.16154874]
549  [1.16154874]
550  [1.16154874]
551  [1.16154874]
552  [1.16154874]
553  [1.16154874]
554  [1.16154874]
555  [1.16154874]
556  [1.16154874]
557  [1.16154874]
558  [1.16154874]
559  [1.16154874]
560  [1.16154874]
561  [1.16154874]
562  [1.16154874]
563  [1.16154874]
564  [1.16154874]
565  [1.16154874]
566  [1.16154874]
567  [1.16154874]
568  [1.16154874]
569  [1.16154874]
570  [1.16154874]
571  [1.16154874]
572  [1.16154874]
573  [1.16154874]
574  [1.16154874]
575  [1.16154874]
576  [1.16154874]
577  [1.16154874]
578  [1.16154874]
579  [1.16154874]
580  [1.16154874]
581  [1.16154874]
582  [1.16154874]
583  [1.16154874]
584  [1.16154874]
585  [1.16154874]
586  [1.16154874]
587  [1.16154874]
588  [1.16154874]
589  [1.16154874]
590  [1.16154874]
591  [1.16154874]
592  [1.16154874]
593  [1.16154874]
594  [1.16154874]
595  [1.16154874]
596  [1.16154874]
597  [1.16154874]
598  [1.16154874]
599  [1.16154874]
600  [1.16154874]
601  [1.16154874]
602  [1.16154874]
603  [1.16154874]
604  [1.16154874]
605  [1.16154874]
606  [1.16154874]
607  [1.16154874]
608  [1.16154874]
609  [1.16154874]
610  [1.16154874]
611  [1.16154874]
612  [1.16154874]
613  [1.16154874]
614  [1.16154874]
615  [1.16154874]
616  [1.16154874]
617  [1.16154874]
618  [1.16154874]
619  [1.16154874]
620  [1.16154874]
621  [1.16154874]
622  [1.16154874]
623  [1.16154874]
624  [1.16154874]
625  [1.16154874]
626  [1.16154874]
627  [1.16154874]
628  [1.16154874]
629  [1.16154874]
630  [1.16154874]
631  [1.16154874]
632  [1.16154874]
633  [1.16154874]
634  [1.16154874]
635  [1.16154874]
636  [1.16154874]
637  [1.16154874]
638  [1.16154874]
639  [1.16154874]
640  [1.16154874]
641  [1.16154874]
642  [1.16154874]
643  [1.16154874]
644  [1.16154874]
645  [1.16154874]
646  [1.16154874]
647  [1.16154874]
648  [1.16154874]
649  [1.16154874]
650  [1.16154874]
651  [1.16154874]
652  [1.16154874]
653  [1.16154874]
654  [1.16154874]
655  [1.16154874]
656  [1.16154874]
657  [1.16154874]
658  [1.16154874]
659  [1.16154874]
660  [1.16154874]
661  [1.16154874]
662  [1.16154874]
663  [1.16154874]
664  [1.16154874]
665  [1.16154874]
666  [1.16154874]
667  [1.16154874]
668  [1.16154874]
669  [1.16154874]
670  [1.16154874]
671  [1.16154874]
672  [1.16154874]
673  [1.16154874]
674  [1.16154874]
675  [1.16154874]
676  [1.16154874]
677  [1.16154874]
678  [1.16154874]
679  [1.16154874]
680  [1.16154874]
681  [1.16154874]
682  [1.16154874]
683  [1.16154874]
684  [1.16154874]
685  [1.16154874]
686  [1.16154874]
687  [1.16154874]
688  [1.16154874]
689  [1.16154874]
690  [1.16154874]
691  [1.16154874]
692  [1.16154874]
693  [1.16154874]
694  [1.16154874]
695  [1.16154874]
696  [1.16154874]
697  [1.16154874]
698  [1.16154874]
699  [1.16154874]
700  [1.16154874]
701  [1.16154874]
702  [1.16154874]
703  [1.16154874]
704  [1.16154874]
705  [1.16154874]
706  [1.16154874]
707  [1.16154874]
708  [1.16154874]
709  [1.16154874]
710  [1.16154874]
711  [1.16154874]
712  [1.16154874]
713  [1.16154874]
714  [1.16154874]
715  [1.16154874]
716  [1.16154874]
717  [1.16154874]
718  [1.16154874]
719  [1.16154874]
720  [1.16154874]
721  [1.16154874]
722  [1.16154874]
723  [1.16154874]
724  [1.16154874]
725  [1.16154874]
726  [1.16154874]
727  [1.16154874]
728  [1.16154874]
729  [1.16154874]
730  [1.16154874]
731  [1.16154874]
732  [1.16154874]
733  [1.16154874]
734  [1.16154874]
735  [1.16154874]
736  [1.16154874]
737  [1.16154874]
738  [1.16154874]
739  [1.16154874]
740  [1.16154874]
741  [1.16154874]
742  [1.16154874]
743  [1.16154874]
744  [1.16154874]
745  [1.16154874]
746  [1.16154874]
747  [1.16154874]
748  [1.16154874]
749  [1.16154874]
750  [1.16154874]
751  [1.16154874]
752  [1.16154874]
753  [1.16154874]
754  [1.16154874]
755  [1.16154874]
756  [1.16154874]
757  [1.16154874]
758  [1.16154874]
759  [1.16154874]
760  [1.16154874]
761  [1.16154874]
762  [1.16154874]
763  [1.16154874]
764  [1.16154874]
765  [1.16154874]
766  [1.16154874]
767  [1.16154874]
768  [1.16154874]
769  [1.16154874]
770  [1.16154874]
771  [1.16154874]
772  [1.16154874]
773  [1.16154874]
774  [1.16154874]
775  [1.16154874]
776  [1.16154874]
777  [1.16154874]
778  [1.16154874]
779  [1.16154874]
780  [1.16154874]
781  [1.16154874]
782  [1.16154874]
783  [1.16154874]
784  [1.16154874]
785  [1.16154874]
786  [1.16154874]
787  [1.16154874]
788  [1.16154874]
789  [1.16154874]
790  [1.16154874]
791  [1.16154874]
792  [1.16154874]
793  [1.16154874]
794  [1.16154874]
795  [1.16154874]
796  [1.16154874]
797  [1.16154874]
798  [1.16154874]
799  [1.16154874]
800  [1.16154874]
801  [1.16154874]
802  [1.16154874]
803  [1.16154874]
804  [1.16154874]
805  [1.16154874]
806  [1.16154874]
807  [1.16154874]
808  [1.16154874]
809  [1.16154874]
810  [1.16154874]
811  [1.16154874]
812  [1.16154874]
813  [1.16154874]
814  [1.16154874]
815  [1.16154874]
816  [1.16154874]
817  [1.16154874]
818  [1.16154874]
819  [1.16154874]
820  [1.16154874]
821  [1.16154874]
822  [1.16154874]
823  [1.16154874]
824  [1.16154874]
825  [1.16154874]
826  [1.16154874]
827  [1.16154874]
828  [1.16154874]
829  [1.16154874]
830  [1.16154874]
831  [1.16154874]
832  [1.16154874]
833  [1.16154874]
834  [1.16154874]
835  [1.16154874]
836  [1.16154874]
837  [1.16154874]
838  [1.16154874]
839  [1.16154874]
840  [1.16154874]
841  [1.16154874]
842  [1.16154874]
843  [1.16154874]
844  [1.16154874]
845  [1.16154874]
846  [1.16154874]
847  [1.16154874]
848  [1.16154874]
849  [1.16154874]
850  [1.16154874]
851  [1.16154874]
852  [1.16154874]
853  [1.16154874]
854  [1.16154874]
855  [1.16154874]
856  [1.16154874]
857  [1.16154874]
858  [1.16154874]
859  [1.16154874]
860  [1.16154874]
861  [1.16154874]
862  [1.16154874]
863  [1.16154874]
864  [1.16154874]
865  [1.16154874]
866  [1.16154874]
867  [1.16154874]
868  [1.16154874]
869  [1.16154874]
870  [1.16154874]
871  [1.16154874]
872  [1.16154874]
873  [1.16154874]
874  [1.16154874]
875  [1.16154874]
876  [1.16154874]
877  [1.16154874]
878  [1.16154874]
879  [1.16154874]
880  [1.16154874]
881  [1.16154874]
882  [1.16154874]
883  [1.16154874]
884  [1.16154874]
885  [1.16154874]
886  [1.16154874]
887  [1.16154874]
888  [1.16154874]
889  [1.16154874]
890  [1.16154874]
891  [1.16154874]
892  [1.16154874]
893  [1.16154874]
894  [1.16154874]
895  [1.16154874]
896  [1.16154874]
897  [1.16154874]
898  [1.16154874]
899  [1.16154874]
900  [1.16154874]
901  [1.16154874]
902  [1.16154874]
903  [1.16154874]
904  [1.16154874]
905  [1.16154874]
906  [1.16154874]
907  [1.16154874]
908  [1.16154874]
909  [1.16154874]
910  [1.16154874]
911  [1.16154874]
912  [1.16154874]
913  [1.16154874]
914  [1.16154874]
915  [1.16154874]
916  [1.16154874]
917  [1.16154874]
918  [1.16154874]
919  [1.16154874]
920  [1.16154874]
921  [1.16154874]
922  [1.16154874]
923  [1.16154874]
924  [1.16154874]
925  [1.16154874]
926  [1.16154874]
927  [1.16154874]
928  [1.16154874]
929  [1.16154874]
930  [1.16154874]
931  [1.16154874]
932  [1.16154874]
933  [1.16154874]
934  [1.16154874]
935  [1.16154874]
936  [1.16154874]
937  [1.16154874]
938  [1.16154874]
939  [1.16154874]
940  [1.16154874]
941  [1.16154874]
942  [1.16154874]
943  [1.16154874]
944  [1.16154874]
945  [1.16154874]
946  [1.16154874]
947  [1.16154874]
948  [1.16154874]
949  [1.16154874]
950  [1.16154874]
951  [1.16154874]
952  [1.16154874]
953  [1.16154874]
954  [1.16154874]
955  [1.16154874]
956  [1.16154874]
957  [1.16154874]
958  [1.16154874]
959  [1.16154874]
960  [1.16154874]
961  [1.16154874]
962  [1.16154874]
963  [1.16154874]
964  [1.16154874]
965  [1.16154874]
966  [1.16154874]
967  [1.16154874]
968  [1.16154874]
969  [1.16154874]
970  [1.16154874]
971  [1.16154874]
972  [1.16154874]
973  [1.16154874]
974  [1.16154874]
975  [1.16154874]
976  [1.16154874]
977  [1.16154874]
978  [1.16154874]
979  [1.16154874]
980  [1.16154874]
981  [1.16154874]
982  [1.16154874]
983  [1.16154874]
984  [1.16154874]
985  [1.16154874]
986  [1.16154874]
987  [1.16154874]
988  [1.16154874]
989  [1.16154874]
990  [1.16154874]
991  [1.16154874]
992  [1.16154874]
993  [1.16154874]
994  [1.16154874]
995  [1.16154874]
996  [1.16154874]
997  [1.16154874]
998  [1.16154874]
999  [1.16154874]
1000  [1.16154874]
