#  MO coefficient (i_MO, j_AO, M_ij)    
MO:1   -23.95333
1    1    -0.00012 
1    2    -0.00126 
1    3    0.00008 
1    4    0.00008 
1    5    -0.00011 
1    6    0.00246 
1    7    -0.00133 
1    8    -0.00133 
1    9    0.00186 
1    10    0.98064 
1    11    0.09921 
1    12    0.00015 
1    13    0.00015 
1    14    -0.00021 
1    15    -0.02815 
1    16    -0.00013 
1    17    -0.00013 
1    18    0.00019 
MO:2   -1.95126
2    1    0.98774 
2    2    0.08468 
2    3    0.00125 
2    4    0.00124 
2    5    -0.00174 
2    6    -0.03298 
2    7    -0.00050 
2    8    -0.00050 
2    9    0.00070 
2    10    -0.00004 
2    11    -0.00009 
2    12    0.00021 
2    13    0.00021 
2    14    -0.00030 
2    15    0.00086 
2    16    -0.00098 
2    17    -0.00098 
2    18    0.00137 
MO:3   -0.80826
3    1    -0.00369 
3    2    -0.00611 
3    3    -0.00317 
3    4    -0.00316 
3    5    0.00444 
3    6    0.02810 
3    7    -0.01488 
3    8    -0.01484 
3    9    0.02081 
3    10    -0.25634 
3    11    0.24412 
3    12    0.00493 
3    13    0.00492 
3    14    -0.00690 
3    15    0.81577 
3    16    0.00434 
3    17    0.00433 
3    18    -0.00607 
MO:4   -0.14557
4    1    0.08956 
4    2    -0.22687 
4    3    0.08659 
4    4    0.08634 
4    5    -0.12109 
4    6    -0.20931 
4    7    -0.02040 
4    8    -0.02035 
4    9    0.02853 
4    10    -0.01326 
4    11    0.01162 
4    12    -0.24143 
4    13    -0.24074 
4    14    0.33761 
4    15    0.05984 
4    16    -0.26631 
4    17    -0.26555 
4    18    0.37241 
MO:5   -0.11829
5    1    0.00000 
5    2    0.00000 
5    3    0.03199 
5    4    0.03431 
5    5    0.04734 
5    6    -0.00000 
5    7    0.07880 
5    8    0.08453 
5    9    0.11663 
5    10    -0.00000 
5    11    0.00000 
5    12    0.25524 
5    13    0.27379 
5    14    0.37775 
5    15    0.00000 
5    16    0.28410 
5    17    0.30476 
5    18    0.42048 
MO:6   -0.11829
6    1    0.00000 
6    2    0.00000 
6    3    0.04790 
6    4    -0.04633 
6    5    0.00122 
6    6    -0.00000 
6    7    0.11800 
6    8    -0.11413 
6    9    0.00300 
6    10    0.00000 
6    11    -0.00000 
6    12    0.38218 
6    13    -0.36966 
6    14    0.00970 
6    15    -0.00000 
6    16    0.42540 
6    17    -0.41147 
6    18    0.01080 
MO:7   -0.10827
7    1    -0.18321 
7    2    0.34912 
7    3    0.11788 
7    4    0.11754 
7    5    -0.16484 
7    6    0.58618 
7    7    0.07416 
7    8    0.07395 
7    9    -0.10370 
7    10    0.00467 
7    11    -0.00458 
7    12    -0.09813 
7    13    -0.09785 
7    14    0.13723 
7    15    -0.02505 
7    16    -0.10851 
7    17    -0.10820 
7    18    0.15174 
MO:8   -0.04415
8    1    0.00000 
8    2    -0.00000 
8    3    0.25840 
8    4    0.29170 
8    5    0.39279 
8    6    -0.00000 
8    7    0.25472 
8    8    0.28754 
8    9    0.38719 
8    10    0.00000 
8    11    -0.00000 
8    12    -0.05980 
8    13    -0.06751 
8    14    -0.09090 
8    15    -0.00000 
8    16    -0.06864 
8    17    -0.07749 
8    18    -0.10434 
MO:9   -0.04415
9    1    -0.00000 
9    2    0.00000 
9    3    0.40233 
9    4    -0.37946 
9    5    0.01713 
9    6    0.00000 
9    7    0.39658 
9    8    -0.37404 
9    9    0.01688 
9    10    0.00000 
9    11    -0.00000 
9    12    -0.09310 
9    13    0.08781 
9    14    -0.00396 
9    15    -0.00000 
9    16    -0.10687 
9    17    0.10080 
9    18    -0.00455 
MO:10   -0.00466
10    1    -0.07010 
10    2    0.29078 
10    3    -0.20827 
10    4    -0.20768 
10    5    0.29125 
10    6    0.01945 
10    7    -0.32445 
10    8    -0.32353 
10    9    0.45370 
10    10    0.03538 
10    11    -0.02941 
10    12    -0.08030 
10    13    -0.08007 
10    14    0.11230 
10    15    -0.20107 
10    16    -0.09494 
10    17    -0.09467 
10    18    0.13277 
MO:11   0.06758
11    1    -0.07073 
11    2    1.07618 
11    3    0.42356 
11    4    0.42236 
11    5    -0.59234 
11    6    -1.06022 
11    7    -0.34779 
11    8    -0.34681 
11    9    0.48640 
11    10    -0.00373 
11    11    0.00506 
11    12    0.03193 
11    13    0.03184 
11    14    -0.04465 
11    15    0.01289 
11    16    0.04215 
11    17    0.04203 
11    18    -0.05894 
MO:12   0.07063
12    1    -0.00000 
12    2    0.00003 
12    3    0.45605 
12    4    0.63571 
12    5    0.77941 
12    6    -0.00003 
12    7    -0.45390 
12    8    -0.63271 
12    9    -0.77574 
12    10    -0.00000 
12    11    0.00000 
12    12    0.01405 
12    13    0.01958 
12    14    0.02401 
12    15    0.00000 
12    16    0.01837 
12    17    0.02560 
12    18    0.03139 
MO:13   0.07064
13    1    -0.00000 
13    2    0.00001 
13    3    0.83836 
13    4    -0.71306 
13    5    0.09105 
13    6    -0.00001 
13    7    -0.83441 
13    8    0.70970 
13    9    -0.09062 
13    10    -0.00000 
13    11    0.00000 
13    12    0.02583 
13    13    -0.02197 
13    14    0.00280 
13    15    0.00000 
13    16    0.03377 
13    17    -0.02872 
13    18    0.00367 
MO:14   0.10872
14    1    -0.07332 
14    2    1.10009 
14    3    -0.38307 
14    4    -0.38198 
14    5    0.53567 
14    6    -1.06103 
14    7    0.41548 
14    8    0.41429 
14    9    -0.58099 
14    10    -0.02636 
14    11    0.01538 
14    12    -0.04071 
14    13    -0.04060 
14    14    0.05693 
14    15    0.18792 
14    16    -0.04026 
14    17    -0.04014 
14    18    0.05629 
MO:15   1.90341
15    1    -0.00000 
15    2    0.00000 
15    3    -0.00295 
15    4    -0.00289 
15    5    -0.00417 
15    6    -0.00000 
15    7    0.02374 
15    8    0.02327 
15    9    0.03357 
15    10    0.00000 
15    11    0.00000 
15    12    0.50584 
15    13    0.49591 
15    14    0.71533 
15    15    -0.00000 
15    16    -0.48826 
15    17    -0.47866 
15    18    -0.69046 
MO:16   1.90341
16    1    -0.00000 
16    2    0.00000 
16    3    0.00412 
16    4    -0.00417 
16    5    -0.00002 
16    6    0.00000 
16    7    -0.03321 
16    8    0.03359 
16    9    0.00020 
16    10    0.00000 
16    11    0.00000 
16    12    -0.70784 
16    13    0.71586 
16    14    0.00427 
16    15    -0.00000 
16    16    0.68322 
16    17    -0.69097 
16    18    -0.00412 
MO:17   1.91168
17    1    0.01112 
17    2    -0.05097 
17    3    0.06009 
17    4    0.05992 
17    5    -0.08403 
17    6    -0.00542 
17    7    -0.01782 
17    8    -0.01776 
17    9    0.02491 
17    10    -0.00149 
17    11    0.00335 
17    12    -0.50643 
17    13    -0.50498 
17    14    0.70820 
17    15    0.00484 
17    16    0.49538 
17    17    0.49397 
17    18    -0.69275 
MO:18   3.04091
18    1    -0.00688 
18    2    -0.07069 
18    3    0.00356 
18    4    0.00355 
18    5    -0.00498 
18    6    0.13796 
18    7    -0.07392 
18    8    -0.07371 
18    9    0.10337 
18    10    -0.14386 
18    11    1.47029 
18    12    0.00231 
18    13    0.00230 
18    14    -0.00323 
18    15    -1.27226 
18    16    -0.00656 
18    17    -0.00654 
18    18    0.00918 
