#  MO coefficient (i_MO, j_AO, M_ij)    
MO:1   -1.43865
1    1    0.37827 
1    2    0.05965 
1    3    0.10338 
1    4    -0.00005 
1    5    0.37826 
1    6    -0.05965 
1    7    0.10337 
1    8    -0.00001 
1    9    0.37814 
1    10    -0.11934 
1    11    -0.00009 
1    12    -0.00008 
1    13    0.37809 
1    14    -0.05972 
1    15    -0.10331 
1    16    0.00006 
1    17    0.37819 
1    18    0.05967 
1    19    -0.10335 
1    20    0.00011 
1    21    0.37825 
1    22    0.11935 
1    23    -0.00005 
1    24    -0.00002 
1    25    0.09693 
1    26    0.09692 
1    27    0.09688 
1    28    0.09686 
1    29    0.09688 
1    30    0.09692 
MO:2   -1.15288
2    1    0.12066 
2    2    0.18001 
2    3    -0.09744 
2    4    0.00008 
2    5    0.48433 
2    6    0.03956 
2    7    0.04889 
2    8    0.00007 
2    9    0.36356 
2    10    -0.01699 
2    11    -0.14618 
2    12    0.00004 
2    13    -0.12100 
2    14    0.18003 
2    15    -0.09741 
2    16    0.00012 
2    17    -0.48422 
2    18    0.03934 
2    19    0.04880 
2    20    -0.00006 
2    21    -0.36338 
2    22    -0.01695 
2    23    -0.14598 
2    24    0.00013 
2    25    0.04428 
2    26    0.17767 
2    27    0.13334 
2    28    -0.04435 
2    29    -0.17761 
2    30    -0.13332 
MO:3   -1.15282
3    1    -0.48943 
3    2    0.03246 
3    3    -0.04505 
3    4    0.00004 
3    5    -0.13983 
3    6    0.17861 
3    7    0.09561 
3    8    -0.00003 
3    9    0.34929 
3    10    -0.01629 
3    11    0.15182 
3    12    -0.00012 
3    13    0.48945 
3    14    0.03218 
3    15    -0.04496 
3    16    0.00007 
3    17    0.14033 
3    18    0.17867 
3    19    0.09559 
3    20    -0.00001 
3    21    -0.34939 
3    22    -0.01626 
3    23    0.15207 
3    24    -0.00007 
3    25    -0.17957 
3    26    -0.05133 
3    27    0.12814 
3    28    0.17955 
3    29    0.05145 
3    30    -0.12818 
MO:4   -0.84749
4    1    0.37154 
4    2    0.03602 
4    3    -0.14994 
4    4    0.00007 
4    5    -0.07966 
4    6    -0.29950 
4    7    -0.14518 
4    8    -0.00003 
4    9    -0.29163 
4    10    -0.08778 
4    11    0.22583 
4    12    -0.00014 
4    13    0.37154 
4    14    -0.03585 
4    15    0.14981 
4    16    -0.00009 
4    17    -0.07991 
4    18    0.29956 
4    19    0.14516 
4    20    -0.00005 
4    21    -0.29180 
4    22    0.08785 
4    23    -0.22596 
4    24    0.00018 
4    25    0.21552 
4    26    -0.04616 
4    27    -0.16913 
4    28    0.21546 
4    29    -0.04640 
4    30    -0.16929 
MO:5   -0.84743
5    1    -0.12221 
5    2    0.29733 
5    3    -0.12916 
5    4    0.00008 
5    5    0.38289 
5    6    -0.00240 
5    7    -0.13453 
5    8    0.00012 
5    9    -0.26074 
5    10    -0.07850 
5    11    -0.25294 
5    12    0.00010 
5    13    -0.12252 
5    14    -0.29739 
5    15    0.12911 
5    16    -0.00023 
5    17    0.38289 
5    18    0.00216 
5    19    0.13435 
5    20    -0.00011 
5    21    -0.26043 
5    22    0.07845 
5    23    0.25287 
5    24    -0.00017 
5    25    -0.07088 
5    26    0.22213 
5    27    -0.15126 
5    28    -0.07114 
5    29    0.22207 
5    30    -0.15107 
MO:6   -0.65620
6    1    -0.04388 
6    2    0.16528 
6    3    0.28622 
6    4    -0.00018 
6    5    -0.04390 
6    6    -0.16527 
6    7    0.28621 
6    8    -0.00027 
6    9    -0.04389 
6    10    -0.33041 
6    11    0.00010 
6    12    -0.00021 
6    13    -0.04394 
6    14    -0.16514 
6    15    -0.28618 
6    16    0.00007 
6    17    -0.04391 
6    18    0.16516 
6    19    -0.28620 
6    20    0.00024 
6    21    -0.04388 
6    22    0.33049 
6    23    0.00001 
6    24    0.00002 
6    25    -0.23569 
6    26    -0.23569 
6    27    -0.23562 
6    28    -0.23564 
6    29    -0.23564 
6    30    -0.23568 
MO:7   -0.59250
7    1    0.23288 
7    2    -0.10236 
7    3    -0.17712 
7    4    0.00005 
7    5    -0.23288 
7    6    -0.10204 
7    7    0.17706 
7    8    -0.00015 
7    9    0.23288 
7    10    0.20456 
7    11    0.00000 
7    12    0.00014 
7    13    -0.23287 
7    14    -0.10248 
7    15    -0.17703 
7    16    0.00001 
7    17    0.23289 
7    18    -0.10212 
7    19    0.17704 
7    20    -0.00027 
7    21    -0.23287 
7    22    0.20453 
7    23    -0.00013 
7    24    -0.00007 
7    25    0.26580 
7    26    -0.26565 
7    27    0.26579 
7    28    -0.26578 
7    29    0.26565 
7    30    -0.26577 
MO:8   -0.56597
8    1    0.00009 
8    2    0.35357 
8    3    -0.20406 
8    4    0.00004 
8    5    -0.00005 
8    6    -0.35364 
8    7    -0.20401 
8    8    -0.00004 
8    9    0.00013 
8    10    0.00021 
8    11    0.40823 
8    12    -0.00017 
8    13    -0.00004 
8    14    0.35361 
8    15    -0.20406 
8    16    0.00036 
8    17    0.00005 
8    18    -0.35361 
8    19    -0.20409 
8    20    0.00013 
8    21    -0.00003 
8    22    0.00016 
8    23    0.40822 
8    24    -0.00032 
8    25    0.00003 
8    26    -0.00002 
8    27    0.00027 
8    28    0.00016 
8    29    0.00015 
8    30    -0.00008 
MO:9   -0.52042
9    1    0.00700 
9    2    0.12927 
9    3    -0.00460 
9    4    -0.00031 
9    5    0.04779 
9    6    -0.17305 
9    7    0.38763 
9    8    -0.00063 
9    9    0.04096 
9    10    -0.36126 
9    11    -0.07051 
9    12    -0.00055 
9    13    -0.00693 
9    14    0.12954 
9    15    -0.00420 
9    16    -0.00029 
9    17    -0.04779 
9    18    -0.17326 
9    19    0.38733 
9    20    -0.00068 
9    21    -0.04103 
9    22    -0.36096 
9    23    -0.07029 
9    24    -0.00026 
9    25    -0.04385 
9    26    -0.30577 
9    27    -0.26157 
9    28    0.04427 
9    29    0.30564 
9    30    0.26130 
MO:10   -0.52040
10    1    0.05130 
10    2    0.21251 
10    3    0.39943 
10    4    -0.00017 
10    5    0.01965 
10    6    -0.17874 
10    7    0.09668 
10    8    -0.00003 
10    9    -0.03162 
10    10    0.27875 
10    11    -0.09133 
10    12    0.00033 
10    13    -0.05130 
10    14    0.21276 
10    15    0.39930 
10    16    -0.00003 
10    17    -0.01958 
10    18    -0.17910 
10    19    0.09706 
10    20    -0.00005 
10    21    0.03157 
10    22    0.27904 
10    23    -0.09149 
10    24    0.00011 
10    25    -0.32740 
10    26    -0.12532 
10    27    0.20183 
10    28    0.32740 
10    29    0.12576 
10    30    -0.20210 
MO:11   -0.49177
11    1    0.00003 
11    2    0.00013 
11    3    0.00011 
11    4    0.40831 
11    5    -0.00012 
11    6    -0.00030 
11    7    0.00056 
11    8    0.40831 
11    9    0.00011 
11    10    -0.00059 
11    11    0.00013 
11    12    0.40819 
11    13    -0.00008 
11    14    -0.00020 
11    15    0.00017 
11    16    0.40814 
11    17    -0.00004 
11    18    -0.00016 
11    19    0.00064 
11    20    0.40825 
11    21    -0.00003 
11    22    -0.00036 
11    23    0.00028 
11    24    0.40830 
11    25    0.00003 
11    26    -0.00024 
11    27    -0.00023 
11    28    -0.00005 
11    29    0.00021 
11    30    0.00023 
MO:12   -0.43692
12    1    0.01445 
12    2    -0.28490 
12    3    -0.17026 
12    4    0.00014 
12    5    -0.00077 
12    6    0.29503 
12    7    0.18581 
12    8    -0.00002 
12    9    -0.01385 
12    10    -0.27589 
12    11    -0.18682 
12    12    -0.00017 
12    13    0.01450 
12    14    0.28466 
12    15    0.17008 
12    16    0.00009 
12    17    -0.00059 
12    18    -0.29472 
12    19    -0.18635 
12    20    0.00019 
12    21    -0.01376 
12    22    0.27621 
12    23    0.18693 
12    24    -0.00008 
12    25    0.28665 
12    26    -0.01342 
12    27    -0.27290 
12    28    0.28648 
12    29    -0.01372 
12    30    -0.27310 
MO:13   -0.43686
13    1    -0.00765 
13    2    -0.19202 
13    3    0.28545 
13    4    0.00002 
13    5    0.01631 
13    6    0.17604 
13    7    -0.27557 
13    8    0.00037 
13    9    -0.00866 
13    10    -0.17542 
13    11    0.29449 
13    12    -0.00022 
13    13    -0.00749 
13    14    0.19184 
13    15    -0.28594 
13    16    0.00021 
13    17    0.01633 
13    18    -0.17596 
13    19    0.27558 
13    20    -0.00038 
13    21    -0.00881 
13    22    0.17497 
13    23    -0.29438 
13    24    0.00023 
13    25    -0.14963 
13    26    0.32309 
13    27    -0.17340 
13    28    -0.14990 
13    29    0.32308 
13    30    -0.17315 
MO:14   -0.35477
14    1    -0.00001 
14    2    0.00006 
14    3    0.00004 
14    4    0.19496 
14    5    -0.00019 
14    6    -0.00022 
14    7    0.00038 
14    8    0.56821 
14    9    0.00004 
14    10    -0.00030 
14    11    0.00008 
14    12    0.37315 
14    13    0.00005 
14    14    0.00011 
14    15    -0.00003 
14    16    -0.19563 
14    17    0.00001 
14    18    0.00011 
14    19    -0.00059 
14    20    -0.56810 
14    21    -0.00004 
14    22    -0.00003 
14    23    -0.00017 
14    24    -0.37265 
14    25    0.00001 
14    26    0.00003 
14    27    -0.00006 
14    28    0.00011 
14    29    -0.00009 
14    30    0.00007 
MO:15   -0.35473
15    1    0.00005 
15    2    0.00011 
15    3    0.00024 
15    4    0.54339 
15    5    -0.00005 
15    6    -0.00009 
15    7    0.00008 
15    8    0.10213 
15    9    -0.00007 
15    10    0.00036 
15    11    -0.00022 
15    12    -0.44061 
15    13    0.00006 
15    14    0.00029 
15    15    -0.00030 
15    16    -0.54327 
15    17    0.00001 
15    18    0.00002 
15    19    -0.00013 
15    20    -0.10294 
15    21    0.00006 
15    22    -0.00000 
15    23    0.00039 
15    24    0.44094 
15    25    0.00000 
15    26    -0.00006 
15    27    0.00007 
15    28    -0.00002 
15    29    -0.00003 
15    30    -0.00001 
MO:16   0.02037
16    1    0.00006 
16    2    0.00004 
16    3    0.00028 
16    4    0.53673 
16    5    0.00005 
16    6    0.00010 
16    7    -0.00002 
16    8    -0.08350 
16    9    -0.00008 
16    10    0.00032 
16    11    -0.00015 
16    12    -0.45257 
16    13    -0.00006 
16    14    -0.00027 
16    15    0.00028 
16    16    0.53657 
16    17    0.00007 
16    18    0.00004 
16    19    -0.00012 
16    20    -0.08427 
16    21    -0.00010 
16    22    -0.00001 
16    23    -0.00037 
16    24    -0.45290 
16    25    -0.00005 
16    26    -0.00007 
16    27    0.00003 
16    28    0.00004 
16    29    -0.00004 
16    30    0.00009 
MO:17   0.02041
17    1    0.00010 
17    2    0.00007 
17    3    -0.00006 
17    4    -0.21264 
17    5    -0.00025 
17    6    -0.00021 
17    7    0.00039 
17    8    0.57124 
17    9    0.00001 
17    10    0.00021 
17    11    -0.00025 
17    12    -0.35855 
17    13    0.00007 
17    14    0.00010 
17    15    -0.00012 
17    16    -0.21331 
17    17    -0.00003 
17    18    -0.00015 
17    19    0.00053 
17    20    0.57116 
17    21    -0.00005 
17    22    0.00000 
17    23    -0.00018 
17    24    -0.35802 
17    25    -0.00006 
17    26    0.00019 
17    27    -0.00003 
17    28    -0.00010 
17    29    -0.00002 
17    30    0.00002 
MO:18   0.10944
18    1    -0.00005 
18    2    -0.00017 
18    3    0.00024 
18    4    0.40830 
18    5    0.00030 
18    6    0.00017 
18    7    -0.00035 
18    8    -0.40829 
18    9    -0.00005 
18    10    -0.00025 
18    11    0.00027 
18    12    0.40820 
18    13    0.00017 
18    14    0.00017 
18    15    -0.00015 
18    16    -0.40816 
18    17    -0.00006 
18    18    -0.00022 
18    19    0.00039 
18    20    0.40825 
18    21    0.00002 
18    22    0.00000 
18    23    -0.00025 
18    24    -0.40829 
18    25    -0.00001 
18    26    -0.00030 
18    27    0.00007 
18    28    -0.00020 
18    29    -0.00005 
18    30    -0.00009 
MO:19   0.14831
19    1    0.01436 
19    2    0.12740 
19    3    -0.26117 
19    4    0.00009 
19    5    0.04219 
19    6    0.17876 
19    7    -0.29312 
19    8    0.00031 
19    9    0.01486 
19    10    0.17995 
19    11    -0.23380 
19    12    0.00025 
19    13    -0.01317 
19    14    0.12724 
19    15    -0.26239 
19    16    0.00014 
19    17    -0.04262 
19    18    0.17802 
19    19    -0.29397 
19    20    0.00038 
19    21    -0.01630 
19    22    0.17945 
19    23    -0.23309 
19    24    0.00014 
19    25    -0.17316 
19    26    -0.37607 
19    27    -0.19084 
19    28    0.17316 
19    29    0.37675 
19    30    0.19165 
MO:20   0.14834
20    1    0.03054 
20    2    -0.26431 
20    3    -0.19612 
20    4    0.00009 
20    5    0.00431 
20    6    -0.23261 
20    7    -0.14483 
20    8    0.00005 
20    9    -0.03563 
20    10    -0.29250 
20    11    -0.14316 
20    12    -0.00018 
20    13    -0.03132 
20    14    -0.26334 
20    15    -0.19651 
20    16    -0.00002 
20    17    -0.00298 
20    18    -0.23211 
20    19    -0.14590 
20    20    0.00009 
20    21    0.03455 
20    22    -0.29270 
20    23    -0.14406 
20    24    0.00010 
20    25    -0.32513 
20    26    -0.01283 
20    27    0.32012 
20    28    0.32566 
20    29    0.01273 
20    30    -0.31940 
MO:21   0.14876
21    1    -0.30131 
21    2    0.00798 
21    3    0.01890 
21    4    -0.00011 
21    5    0.30003 
21    6    0.00687 
21    7    -0.00747 
21    8    0.00035 
21    9    -0.30123 
21    10    -0.01542 
21    11    0.00419 
21    12    -0.00013 
21    13    0.30171 
21    14    0.00811 
21    15    0.01835 
21    16    0.00019 
21    17    -0.30065 
21    18    0.00705 
21    19    -0.00782 
21    20    -0.00011 
21    21    0.30061 
21    22    -0.01506 
21    23    0.00496 
21    24    0.00000 
21    25    0.28086 
21    26    -0.26942 
21    27    0.27589 
21    28    -0.28077 
21    29    0.27029 
21    30    -0.27504 
MO:22   0.15409
22    1    -0.14715 
22    2    0.10376 
22    3    0.18035 
22    4    0.00002 
22    5    -0.14743 
22    6    -0.10397 
22    7    0.18058 
22    8    -0.00033 
22    9    -0.14715 
22    10    -0.20776 
22    11    0.00037 
22    12    -0.00002 
22    13    -0.14771 
22    14    -0.10376 
22    15    -0.17970 
22    16    -0.00008 
22    17    -0.14681 
22    18    0.10416 
22    19    -0.17983 
22    20    0.00030 
22    21    -0.14771 
22    22    0.20784 
22    23    0.00014 
22    24    -0.00008 
22    25    0.31901 
22    26    0.31952 
22    27    0.31868 
22    28    0.31891 
22    29    0.31843 
22    30    0.31926 
MO:23   0.16900
23    1    0.41118 
23    2    0.00846 
23    3    0.00342 
23    4    -0.00001 
23    5    -0.21378 
23    6    0.20029 
23    7    0.11214 
23    8    -0.00018 
23    9    -0.19760 
23    10    0.00291 
23    11    -0.23566 
23    12    0.00020 
23    13    0.41078 
23    14    -0.00872 
23    15    -0.00320 
23    16    0.00011 
23    17    -0.21288 
23    18    -0.20112 
23    19    -0.11127 
23    20    -0.00005 
23    21    -0.19786 
23    22    -0.00389 
23    23    0.23572 
23    24    -0.00007 
23    25    -0.30341 
23    26    0.15843 
23    27    0.14631 
23    28    -0.30314 
23    29    0.15657 
23    30    0.14558 
MO:24   0.16901
24    1    -0.00891 
24    2    0.23210 
24    3    -0.13499 
24    4    0.00022 
24    5    -0.35127 
24    6    -0.11788 
24    7    -0.07498 
24    8    -0.00030 
24    9    0.36035 
24    10    -0.00656 
24    11    -0.12910 
24    12    0.00004 
24    13    -0.00925 
24    14    -0.23304 
24    15    0.13415 
24    16    -0.00018 
24    17    -0.35160 
24    18    0.11774 
24    19    0.07426 
24    20    -0.00004 
24    21    0.36041 
24    22    0.00586 
24    23    0.12898 
24    24    -0.00023 
24    25    0.00594 
24    26    0.25924 
24    27    -0.26562 
24    28    0.00736 
24    29    0.26002 
24    30    -0.26634 
MO:25   0.18827
25    1    -0.09750 
25    2    -0.16397 
25    3    -0.39986 
25    4    0.00021 
25    5    0.01543 
25    6    -0.16681 
25    7    -0.02063 
25    8    -0.00002 
25    9    0.08275 
25    10    -0.36184 
25    11    0.09733 
25    12    -0.00032 
25    13    -0.09776 
25    14    0.16342 
25    15    0.39989 
25    16    -0.00014 
25    17    0.01481 
25    18    0.16724 
25    19    0.01978 
25    20    -0.00000 
25    21    0.08234 
25    22    0.36231 
25    23    -0.09687 
25    24    0.00008 
25    25    -0.27140 
25    26    0.04115 
25    27    0.22902 
25    28    -0.27098 
25    29    0.04238 
25    30    0.22970 
MO:26   0.18828
26    1    0.03924 
26    2    0.21157 
26    3    0.07484 
26    4    -0.00009 
26    5    -0.10437 
26    6    0.20889 
26    7    -0.40618 
26    8    0.00033 
26    9    0.06489 
26    10    -0.28574 
26    11    -0.12293 
26    12    -0.00018 
26    13    0.03868 
26    14    -0.21159 
26    15    -0.07582 
26    16    -0.00001 
26    17    -0.10436 
26    18    -0.20833 
26    19    0.40638 
26    20    -0.00043 
26    21    0.06554 
26    22    0.28508 
26    23    0.12312 
26    24    -0.00005 
26    25    0.10783 
26    26    -0.28873 
26    27    0.18117 
26    28    0.10891 
26    29    -0.28861 
26    30    0.18019 
MO:27   0.20624
27    1    -0.08871 
27    2    0.37946 
27    3    -0.18942 
27    4    0.00016 
27    5    -0.26871 
27    6    0.03425 
27    7    0.11272 
27    8    -0.00027 
27    9    -0.18009 
27    10    -0.05401 
27    11    -0.33729 
27    12    0.00025 
27    13    0.08785 
27    14    0.38091 
27    15    -0.18906 
27    16    0.00028 
27    17    0.26873 
27    18    0.03624 
27    19    0.11336 
27    20    -0.00003 
27    21    0.18089 
27    22    -0.05335 
27    23    -0.33637 
27    24    0.00016 
27    25    0.07266 
27    26    0.22208 
27    27    0.14891 
27    28    -0.07300 
27    29    -0.22172 
27    30    -0.14886 
MO:28   0.20625
28    1    0.25932 
28    2    0.08588 
28    3    -0.13895 
28    4    0.00005 
28    5    0.05357 
28    6    0.38809 
28    7    0.20624 
28    8    0.00004 
28    9    -0.20639 
28    10    -0.06104 
28    11    0.29504 
28    12    -0.00009 
28    13    -0.25936 
28    14    0.08674 
28    15    -0.13901 
28    16    0.00005 
28    17    -0.05294 
28    18    0.38862 
28    19    0.20545 
28    20    -0.00007 
28    21    0.20589 
28    22    -0.06183 
28    23    0.29494 
28    24    -0.00027 
28    25    -0.21412 
28    26    -0.04373 
28    27    0.16997 
28    28    0.21382 
28    29    0.04419 
28    30    -0.17030 
MO:29   0.21054
29    1    -0.00008 
29    2    -0.35445 
29    3    0.20386 
29    4    -0.00005 
29    5    0.00041 
29    6    -0.35411 
29    7    -0.20398 
29    8    -0.00003 
29    9    0.00054 
29    10    0.00042 
29    11    -0.40773 
29    12    0.00017 
29    13    -0.00017 
29    14    0.35265 
29    15    -0.20400 
29    16    0.00035 
29    17    -0.00050 
29    18    0.35324 
29    19    0.20440 
29    20    -0.00012 
29    21    -0.00015 
29    22    0.00076 
29    23    0.40867 
29    24    -0.00031 
29    25    -0.00040 
29    26    -0.00006 
29    27    -0.00058 
29    28    0.00025 
29    29    0.00009 
29    30    0.00057 
MO:30   0.22541
30    1    -0.14779 
30    2    -0.17619 
30    3    -0.30598 
30    4    0.00018 
30    5    0.14795 
30    6    -0.17601 
30    7    0.30600 
30    8    -0.00019 
30    9    -0.14776 
30    10    0.35300 
30    11    0.00066 
30    12    0.00025 
30    13    0.14772 
30    14    -0.17707 
30    15    -0.30535 
30    16    0.00011 
30    17    -0.14794 
30    18    -0.17691 
30    19    0.30542 
30    20    -0.00031 
30    21    0.14781 
30    22    0.35306 
30    23    -0.00041 
30    24    -0.00001 
30    25    -0.14218 
30    26    0.14204 
30    27    -0.14213 
30    28    0.14213 
30    29    -0.14199 
30    30    0.14215 
